,0
0,1.4031979292454912
1,0.8339268468801454
2,0.6509468561198593
3,0.9762446174715067
4,1.0779001678938935
5,1.0779001678938935
6,0.2849868745992868
7,0.3459802048527486
8,-0.2639530976815222
9,1.2812112687386172
10,1.4031979292454912
11,0.6712779662043465
12,1.4235290393299787
13,1.484522369583391
14,0.12233799392348785
15,1.4235290393299787
16,-0.2639530976815222
17,2.3790912133003346
18,-0.2842842077660095
19,1.9318067914418626
20,0.3053179846837741
21,0.9762446174715067
22,0.1630002140924624
23,0.14266910400797514
24,-0.14196643717469784
25,0.32564909476826137
26,-0.16229754725913545
27,0.711940186373321
28,1.0779001678938935
29,0.4882979754440603
30,1.8708134611884506
31,0.2849868745992868
32,0.6102846359509343
33,2.1961112225400483
34,1.2405490485696924
35,0.32564909476826137
36,1.9724690116108372
37,0.8949201771336073
38,0.4069735351061608
39,2.1961112225400483
40,0.6102846359509343
41,1.504853479667878
42,1.7081645805126515
43,0.9355823973025322
44,0.9152512872180449
45,0.2646557645148492
46,0.996575727555994
47,1.830151241019476
48,1.2608801586541798
49,1.3625357090765169
50,0.8339268468801454
51,-0.3249464279349841
52,1.9724690116108372
53,0.752602406542246
54,2.3384289931314095
55,1.6471712502591898
56,0.589953525866447
57,0.8949201771336073
58,1.1998868284007178
59,1.2202179384852052
60,0.5086290855285476
61,0.3459802048527486
62,3.1110111763414796
63,2.1351178922866363
64,0.9559135073870194
65,1.1795557183162306
66,0.041013553585588385
67,-0.7722308497934559
68,0.20366243426138733
69,1.2812112687386172
70,0.041013553585588385
71,1.4235290393299787
72,0.7932646267112206
73,-0.6299130792020946
74,-0.0199797766678238
75,1.1185623880628184
76,1.667502360343677
77,0.9152512872180449
78,0.4069735351061608
79,1.2812112687386172
80,1.5861779200057775
81,2.013131231779762
82,-1.3821641523277268
83,-0.4062708682728835
84,2.1554490023711237
85,0.2849868745992868
86,0.87458906704912
87,0.4882979754440603
88,0.2443246544303619
89,0.8949201771336073
90,1.4235290393299787
91,-0.10130421700572327
92,0.8339268468801454
93,1.2202179384852052
94,0.467966865359573
95,0.5289601956130349
96,0.996575727555994
97,0.589953525866447
98,1.3218734889075918
99,0.5289601956130349
100,-0.3046153178504968
101,0.7729335166267333
102,1.7894890208505512
103,0.3663113149372359
104,0.589953525866447
105,-0.10130421700572327
106,-0.3452775380194217
107,1.159224608231793
108,2.0741245620331745
109,0.10200688383905022
110,0.4273046451906481
111,1.0779001678938935
112,1.95213790152635
113,0.9559135073870194
114,-0.14196643717469784
115,0.589953525866447
116,1.4031979292454912
117,0.6916090762888337
118,0.14266910400797514
119,-0.20295976742811
120,0.1833313241769497
121,0.6306157460354216
122,1.1185623880628184
123,1.1795557183162306
124,-0.5892508590331698
125,0.467966865359573
126,0.996575727555994
127,0.10200688383905022
128,1.4235290393299787
129,0.8339268468801454
130,0.996575727555994
131,0.589953525866447
132,1.382866819161004
133,0.08167577375456295
134,0.5086290855285476
135,-0.3452775380194217
136,-0.3249464279349841
137,2.3180978830469225
138,-0.10130421700572327
139,0.8949201771336073
140,0.06134466367007567
141,0.9762446174715067
142,0.2239935443458746
143,3.050017846088067
144,0.6712779662043465
145,1.484522369583391
146,1.2608801586541798
147,-0.040310886752311086
148,2.175780112455561
149,1.3015423788231046
150,1.606509030090265
151,1.3015423788231046
152,0.0003513334166634804
153,0.467966865359573
154,0.041013553585588385
155,0.6916090762888337
156,2.175780112455561
157,1.9724690116108372
158,0.6102846359509343
159,0.6509468561198593
160,1.3422045989920792
161,0.1833313241769497
162,0.3053179846837741
163,-0.040310886752311086
164,2.602733424229595
165,1.2608801586541798
166,0.6712779662043465
167,0.0003513334166634804
168,-0.080973106921236
169,1.0575690578094061
170,1.0982312779783312
171,-0.4469330884418084
172,1.6878334704281643
173,1.1185623880628184
174,-0.040310886752311086
175,2.8263756351588065
176,-0.3452775380194217
177,0.87458906704912
178,0.041013553585588385
179,1.4641912594989035
180,1.2608801586541798
181,-0.365608648103909
182,1.9318067914418626
183,0.9355823973025322
184,1.4031979292454912
185,-0.06064199683679836
186,1.1388934981473058
187,1.1795557183162306
188,0.9355823973025322
189,1.2405490485696924
190,0.2443246544303619
191,0.3459802048527486
192,1.0982312779783312
193,-0.3859397581883962
194,0.5696224157819597
195,0.06134466367007567
196,0.1833313241769497
197,0.7322712964577587
198,0.2239935443458746
199,0.0003513334166634804
200,1.8098201309349886
201,1.382866819161004
202,-0.487595308610783
203,-0.4062708682728835
204,-0.3452775380194217
205,0.32564909476826137
206,1.159224608231793
207,-0.365608648103909
208,0.3866424250216735
209,0.32564909476826137
210,0.87458906704912
211,1.8708134611884506
212,1.95213790152635
213,0.589953525866447
214,1.9724690116108372
215,0.3663113149372359
216,1.3625357090765169
217,0.6509468561198593
218,0.3663113149372359
219,0.711940186373321
220,0.5289601956130349
221,0.041013553585588385
222,-0.365608648103909
223,1.0779001678938935
224,1.4031979292454912
225,0.6306157460354216
226,0.5289601956130349
227,1.5861779200057775
228,0.1630002140924624
229,0.2849868745992868
230,1.2405490485696924
231,2.013131231779762
232,2.175780112455561
233,0.87458906704912
234,0.589953525866447
235,1.504853479667878
236,0.1630002140924624
237,0.87458906704912
238,0.8949201771336073
239,1.8504823511039632
240,0.9152512872180449
241,0.6102846359509343
242,0.8949201771336073
243,1.4641912594989035
244,-0.3046153178504968
245,1.0169068376404315
246,1.1795557183162306
247,1.95213790152635
248,-0.2232908775125973
249,-0.3452775380194217
250,0.5492913056975222
251,0.752602406542246
252,1.5658468099212903
253,1.0779001678938935
254,1.1998868284007178
255,1.830151241019476
256,1.0779001678938935
257,1.2812112687386172
258,1.830151241019476
259,1.9928001216952749
260,0.7932646267112206
261,0.041013553585588385
262,1.7894890208505512
263,-0.7315686296244813
264,-1.2601774918208528
265,0.996575727555994
266,0.589953525866447
267,1.037237947724919
268,1.159224608231793
269,0.4476357552751354
270,-0.9145486203847676
271,0.2849868745992868
272,-1.0162041708071543
273,-0.7518997397089686
274,1.1998868284007178
275,-0.4469330884418084
276,-0.040310886752311086
277,2.4400845435537466
278,2.4400845435537466
279,-0.040310886752311086
280,1.4235290393299787
281,1.8911445712729378
282,0.2239935443458746
283,0.996575727555994
284,0.9762446174715067
285,0.9355823973025322
286,2.6637267544830077
287,0.6712779662043465
288,0.4069735351061608
289,0.6306157460354216
290,-0.2639530976815222
291,0.6102846359509343
292,-0.7925619598778936
293,2.053793451948737
294,0.2646557645148492
295,3.009355625919093
296,0.6509468561198593
297,0.9355823973025322
298,0.9152512872180449
299,2.4400845435537466
300,0.3663113149372359
301,-0.995873060722667
302,1.159224608231793
303,1.95213790152635
304,0.08167577375456295
305,0.4476357552751354
306,0.4882979754440603
307,0.1630002140924624
308,0.589953525866447
309,1.1388934981473058
310,0.041013553585588385
311,2.013131231779762
312,0.2849868745992868
313,1.8504823511039632
314,0.20366243426138733
315,-0.10130421700572327
316,-0.0199797766678238
317,1.5251845897523655
318,0.9355823973025322
319,1.3015423788231046
320,0.4476357552751354
321,0.6916090762888337
322,0.4069735351061608
323,0.4476357552751354
324,-0.9145486203847676
325,1.0982312779783312
326,1.4031979292454912
327,0.6916090762888337
328,2.5214089838916465
329,1.382866819161004
330,0.87458906704912
331,0.9762446174715067
332,-0.16229754725913545
333,-0.0199797766678238
334,0.32564909476826137
335,0.3663113149372359
336,1.382866819161004
337,2.745051194820907
338,0.9762446174715067
339,0.2443246544303619
340,1.382866819161004
341,0.12233799392348785
342,0.1630002140924624
343,0.9559135073870194
344,0.020682443501101103
345,1.037237947724919
346,0.6306157460354216
347,1.4641912594989035
348,-0.4672641985262957
349,-0.3859397581883962
350,-0.20295976742811
351,1.504853479667878
352,1.5658468099212903
353,0.3053179846837741
354,-0.2842842077660095
355,-0.20295976742811
356,1.6471712502591898
357,1.1185623880628184
358,2.3180978830469225
359,0.7322712964577587
360,-0.3249464279349841
361,-0.7315686296244813
362,1.1795557183162306
363,0.9355823973025322
364,-0.7518997397089686
365,1.037237947724919
366,1.9114756813573754
367,1.4031979292454912
368,2.175780112455561
369,0.2239935443458746
370,0.9762446174715067
371,3.4566400477775647
372,0.20366243426138733
373,0.1833313241769497
374,1.0575690578094061
375,1.4235290393299787
376,0.996575727555994
377,-0.0199797766678238
378,0.5289601956130349
379,-0.7112375195399941
380,0.5086290855285476
381,0.3459802048527486
382,1.1795557183162306
383,1.5658468099212903
384,0.1630002140924624
385,0.4476357552751354
386,-0.20295976742811
387,2.013131231779762
388,0.20366243426138733
389,0.2443246544303619
390,1.3218734889075918
391,1.4235290393299787
392,0.9762446174715067
393,1.1185623880628184
394,1.3015423788231046
395,0.3663113149372359
396,0.6306157460354216
397,0.6306157460354216
398,1.0575690578094061
399,0.4069735351061608
400,1.4438601494144658
401,0.8135957367957078
402,0.87458906704912
403,-0.080973106921236
404,-0.16229754725913545
405,0.9559135073870194
406,0.12233799392348785
407,0.0003513334166634804
408,1.7894890208505512
409,1.3218734889075918
410,1.9114756813573754
411,2.0944556721176615
412,0.4882979754440603
413,0.589953525866447
414,0.1833313241769497
415,1.2202179384852052
416,2.257104552793461
417,1.0982312779783312
418,0.467966865359573
419,0.2849868745992868
420,0.4273046451906481
421,1.0779001678938935
422,2.1961112225400483
423,1.667502360343677
424,0.9355823973025322
425,1.4438601494144658
426,0.5696224157819597
427,0.7932646267112206
428,0.3663113149372359
429,-0.0199797766678238
430,-0.6705752993710692
431,0.06134466367007567
432,0.467966865359573
433,0.4476357552751354
434,0.589953525866447
435,1.6471712502591898
436,1.4641912594989035
437,2.1961112225400483
438,1.7691579107660638
439,1.2608801586541798
440,2.399422323384822
441,1.8708134611884506
442,-0.16229754725913545
443,1.545515699836803
444,0.6102846359509343
445,1.484522369583391
446,0.6509468561198593
447,1.1388934981473058
448,0.5289601956130349
449,0.5086290855285476
450,1.2812112687386172
451,0.041013553585588385
452,-0.4062708682728835
453,0.8542579569646327
454,1.3422045989920792
455,1.830151241019476
456,-0.080973106921236
457,-2.2157396657912085
458,0.041013553585588385
459,2.501077873807209
460,1.4235290393299787
461,0.6916090762888337
462,0.4882979754440603
463,1.7691579107660638
464,-0.7315686296244813
465,1.2608801586541798
466,1.5658468099212903
467,1.2202179384852052
468,1.2405490485696924
469,-0.7518997397089686
470,0.4882979754440603
471,0.589953525866447
472,1.7284956905970892
473,1.9114756813573754
474,1.6268401401747026
475,1.95213790152635
476,0.06134466367007567
477,1.4235290393299787
478,0.0003513334166634804
479,0.2849868745992868
480,1.6878334704281643
481,1.0982312779783312
482,-0.5892508590331698
483,1.7081645805126515
484,0.7932646267112206
485,0.4476357552751354
486,0.4476357552751354
487,1.7894890208505512
488,1.2405490485696924
489,0.996575727555994
490,0.4882979754440603
491,0.5696224157819597
492,0.7322712964577587
493,-0.5485886388641952
494,1.7488268006815766
495,-0.0199797766678238
496,0.87458906704912
497,0.4069735351061608
498,0.9152512872180449
499,0.4273046451906481
500,0.4069735351061608
501,0.6306157460354216
502,1.1998868284007178
503,0.9762446174715067
504,1.0779001678938935
505,1.484522369583391
506,0.2646557645148492
507,0.7932646267112206
508,-0.2639530976815222
509,0.2443246544303619
510,1.6471712502591898
511,1.1998868284007178
512,1.6878334704281643
513,0.87458906704912
514,-0.4469330884418084
515,1.3625357090765169
516,0.6306157460354216
517,2.053793451948737
518,1.1998868284007178
519,-0.16229754725913545
520,0.14266910400797514
521,1.3625357090765169
522,-0.365608648103909
523,0.20366243426138733
524,-0.0199797766678238
525,0.5086290855285476
526,1.1388934981473058
527,0.9559135073870194
528,-0.10130421700572327
529,0.7322712964577587
530,-0.7315686296244813
531,-0.0199797766678238
532,0.5289601956130349
533,0.020682443501101103
534,-0.12163532709021055
535,0.87458906704912
536,0.2646557645148492
537,0.0003513334166634804
538,0.4069735351061608
539,2.175780112455561
540,0.4069735351061608
541,-0.2232908775125973
542,1.0982312779783312
543,0.8339268468801454
544,0.996575727555994
545,1.504853479667878
546,0.3866424250216735
547,-0.2842842077660095
548,0.041013553585588385
549,1.7894890208505512
550,2.846706745243294
551,0.1833313241769497
552,0.996575727555994
553,-0.20295976742811
554,0.0003513334166634804
555,0.5492913056975222
556,0.1630002140924624
557,1.0779001678938935
558,0.589953525866447
559,0.6306157460354216
560,0.3459802048527486
561,0.14266910400797514
562,1.6878334704281643
563,1.9114756813573754
564,-0.2639530976815222
565,1.8911445712729378
566,-0.0199797766678238
567,1.95213790152635
568,1.9928001216952749
569,0.5086290855285476
570,0.12233799392348785
571,1.0982312779783312
572,-0.10130421700572327
573,-0.040310886752311086
574,0.1833313241769497
575,0.9355823973025322
576,1.9724690116108372
577,1.8708134611884506
578,0.6306157460354216
579,1.2608801586541798
580,1.5251845897523655
581,1.3625357090765169
582,1.382866819161004
583,-0.18262865734362274
584,0.4273046451906481
585,-0.080973106921236
586,0.3459802048527486
587,-0.10130421700572327
588,0.08167577375456295
589,1.4235290393299787
590,0.20366243426138733
591,-0.5485886388641952
592,1.5658468099212903
593,1.2202179384852052
594,0.0003513334166634804
595,-0.16229754725913545
596,0.5289601956130349
597,1.0982312779783312
598,-0.0199797766678238
599,-0.06064199683679836
600,0.2239935443458746
601,0.9559135073870194
602,0.589953525866447
603,1.7691579107660638
604,1.2202179384852052
605,2.1961112225400483
606,0.08167577375456295
607,1.5658468099212903
608,-0.2842842077660095
609,1.8504823511039632
610,0.14266910400797514
611,0.7932646267112206
612,1.4031979292454912
613,0.6509468561198593
614,1.4031979292454912
615,0.6102846359509343
616,0.8135957367957078
617,-0.4266019783573708
618,1.8504823511039632
619,1.2608801586541798
620,1.5658468099212903
621,1.3218734889075918
622,1.7691579107660638
623,0.6306157460354216
624,1.3422045989920792
625,1.6268401401747026
626,0.041013553585588385
627,0.6306157460354216
628,2.0944556721176615
629,0.7322712964577587
630,0.8949201771336073
631,0.7729335166267333
632,1.1185623880628184
633,1.5861779200057775
634,0.10200688383905022
635,-0.12163532709021055
636,1.9928001216952749
637,1.1185623880628184
638,1.3422045989920792
639,-0.4672641985262957
640,2.3384289931314095
641,1.8911445712729378
642,1.5658468099212903
643,0.3663113149372359
644,1.7691579107660638
645,0.20366243426138733
646,-0.12163532709021055
647,0.6916090762888337
648,0.2849868745992868
649,0.589953525866447
650,1.1795557183162306
651,1.2812112687386172
652,0.4273046451906481
653,1.4438601494144658
654,1.830151241019476
655,0.3053179846837741
656,0.0003513334166634804
657,0.32564909476826137
658,1.3015423788231046
659,0.4476357552751354
660,1.1998868284007178
661,1.3015423788231046
662,1.1795557183162306
663,0.7932646267112206
664,0.8949201771336073
665,1.3218734889075918
666,0.9355823973025322
667,0.7729335166267333
668,2.3790912133003346
669,0.32564909476826137
670,0.5086290855285476
671,2.1351178922866363
672,-0.0199797766678238
673,0.9152512872180449
674,0.2646557645148492
675,1.5658468099212903
676,0.752602406542246
677,1.1998868284007178
678,0.020682443501101103
679,0.3459802048527486
680,1.159224608231793
681,1.1388934981473058
682,1.1998868284007178
683,0.14266910400797514
684,1.037237947724919
685,0.9559135073870194
686,1.5658468099212903
687,2.236773442709023
688,1.2608801586541798
689,0.9559135073870194
690,1.7284956905970892
691,0.3053179846837741
692,0.8949201771336073
693,0.9152512872180449
694,1.3015423788231046
695,0.7322712964577587
696,1.545515699836803
697,0.8339268468801454
698,1.4031979292454912
699,-1.4228263724966517
700,1.3015423788231046
701,0.589953525866447
702,2.114786782202149
703,0.14266910400797514
704,0.467966865359573
705,1.7284956905970892
706,1.2608801586541798
707,0.4273046451906481
708,1.4031979292454912
709,0.4273046451906481
710,1.545515699836803
711,0.3459802048527486
712,0.589953525866447
713,1.9114756813573754
714,0.5289601956130349
715,-0.4672641985262957
716,-1.0975286111450537
717,0.6509468561198593
718,0.08167577375456295
719,0.5492913056975222
720,1.484522369583391
721,0.3866424250216735
722,0.8135957367957078
723,0.87458906704912
724,1.8708134611884506
725,0.589953525866447
726,-0.20295976742811
727,0.6306157460354216
728,0.3663113149372359
729,0.9762446174715067
730,0.6306157460354216
731,-0.0199797766678238
732,-0.06064199683679836
733,0.10200688383905022
734,1.159224608231793
735,1.504853479667878
736,0.5492913056975222
737,-0.2639530976815222
738,1.9928001216952749
739,0.2239935443458746
740,0.2849868745992868
741,1.037237947724919
742,-0.06064199683679836
743,1.5251845897523655
744,0.3053179846837741
745,1.2608801586541798
746,0.3663113149372359
747,0.041013553585588385
748,-0.12163532709021055
749,1.7488268006815766
750,0.6306157460354216
751,0.8135957367957078
752,0.6306157460354216
753,1.7284956905970892
754,0.1833313241769497
755,1.037237947724919
756,1.3218734889075918
757,1.1388934981473058
758,-0.040310886752311086
759,0.3459802048527486
760,0.3866424250216735
761,1.037237947724919
762,-0.16229754725913545
763,0.3053179846837741
764,-0.3452775380194217
765,1.3015423788231046
766,1.4438601494144658
767,0.9355823973025322
768,0.041013553585588385
769,0.9152512872180449
770,1.1185623880628184
771,0.4069735351061608
772,0.5086290855285476
773,1.5251845897523655
774,1.3015423788231046
775,0.6916090762888337
776,0.8339268468801454
777,1.2608801586541798
778,1.1795557183162306
779,0.32564909476826137
780,2.175780112455561
781,1.6471712502591898
782,0.020682443501101103
783,0.06134466367007567
784,0.8542579569646327
785,1.4235290393299787
786,0.3663113149372359
787,0.4476357552751354
788,0.10200688383905022
789,0.7932646267112206
790,1.5658468099212903
791,1.4235290393299787
792,0.10200688383905022
793,0.711940186373321
794,2.4197534334693094
795,1.037237947724919
796,0.9152512872180449
797,0.9152512872180449
798,-0.7315686296244813
799,0.2849868745992868
800,1.2202179384852052
801,1.1998868284007178
802,0.6712779662043465
803,0.3459802048527486
804,0.4069735351061608
805,1.2405490485696924
806,0.9559135073870194
807,1.4235290393299787
808,2.1961112225400483
809,1.9928001216952749
810,1.3625357090765169
811,0.2239935443458746
812,0.3663113149372359
813,1.159224608231793
814,1.6878334704281643
815,1.2608801586541798
816,0.3866424250216735
817,0.8542579569646327
818,0.6712779662043465
819,2.013131231779762
820,1.1388934981473058
821,0.7729335166267333
822,0.06134466367007567
823,0.8949201771336073
824,1.95213790152635
825,2.0334623418642495
826,1.9318067914418626
827,1.3218734889075918
828,-0.5079264186952702
829,0.8542579569646327
830,1.0982312779783312
831,2.2774356628779477
832,0.4273046451906481
833,1.4235290393299787
834,0.6509468561198593
835,0.4882979754440603
836,0.9355823973025322
837,0.752602406542246
838,1.037237947724919
839,-0.040310886752311086
840,0.5492913056975222
841,0.8339268468801454
842,1.667502360343677
843,0.4882979754440603
844,-0.3046153178504968
845,1.4641912594989035
846,0.3053179846837741
847,0.0003513334166634804
848,-0.7518997397089686
849,0.1630002140924624
850,2.358760103215847
851,0.996575727555994
852,1.2405490485696924
853,1.2405490485696924
854,1.667502360343677
855,1.4641912594989035
856,1.4438601494144658
857,1.504853479667878
858,1.2405490485696924
859,0.9355823973025322
860,0.8339268468801454
861,0.5696224157819597
862,0.2646557645148492
863,0.4273046451906481
864,0.4069735351061608
865,0.2646557645148492
866,-1.7887863540172242
867,1.8098201309349886
868,1.037237947724919
869,0.7322712964577587
870,1.9318067914418626
871,-0.3046153178504968
872,1.382866819161004
873,2.7247200847364197
874,-1.4228263724966517
875,1.6471712502591898
876,0.6102846359509343
877,1.6268401401747026
878,0.14266910400797514
879,0.20366243426138733
880,1.5251845897523655
881,1.4235290393299787
882,1.6268401401747026
883,0.996575727555994
884,2.053793451948737
885,0.9355823973025322
886,0.0003513334166634804
887,0.2443246544303619
888,2.1351178922866363
889,0.2849868745992868
890,0.12233799392348785
891,-0.2639530976815222
892,0.752602406542246
893,-0.9348797304692549
894,2.013131231779762
895,1.504853479667878
896,-0.7518997397089686
897,1.6268401401747026
898,-0.18262865734362274
899,0.3866424250216735
900,0.10200688383905022
901,-0.4469330884418084
902,0.3459802048527486
903,1.4641912594989035
904,0.5492913056975222
905,1.95213790152635
906,1.4031979292454912
907,-0.0199797766678238
908,0.12233799392348785
909,0.1630002140924624
910,0.5289601956130349
911,2.0334623418642495
912,1.3218734889075918
913,1.0982312779783312
914,-0.995873060722667
915,0.467966865359573
916,1.5251845897523655
917,1.037237947724919
918,1.1185623880628184
919,0.996575727555994
920,0.4273046451906481
921,0.5289601956130349
922,0.4476357552751354
923,0.32564909476826137
924,1.7691579107660638
925,2.399422323384822
926,1.667502360343677
927,2.257104552793461
928,0.3459802048527486
929,0.3663113149372359
930,0.467966865359573
931,1.7284956905970892
932,-0.080973106921236
933,1.2608801586541798
934,1.6471712502591898
935,0.3459802048527486
936,1.037237947724919
937,0.9559135073870194
938,1.1388934981473058
939,1.606509030090265
940,1.5861779200057775
941,1.545515699836803
942,1.7488268006815766
943,1.3015423788231046
944,1.484522369583391
945,0.8339268468801454
946,0.5492913056975222
947,1.1795557183162306
948,1.1185623880628184
949,1.0982312779783312
950,0.3459802048527486
951,3.1313422864259666
952,0.7322712964577587
953,0.6102846359509343
954,0.041013553585588385
955,-0.080973106921236
956,1.7081645805126515
957,-0.3249464279349841
958,1.6471712502591898
959,-0.4672641985262957
960,0.7322712964577587
961,-0.080973106921236
962,1.5251845897523655
963,1.95213790152635
964,0.4882979754440603
965,0.5696224157819597
966,1.1998868284007178
967,1.5861779200057775
968,0.9559135073870194
969,1.2812112687386172
970,1.830151241019476
971,0.6102846359509343
972,1.8708134611884506
973,1.1795557183162306
974,1.4031979292454912
975,-0.4062708682728835
976,0.06134466367007567
977,0.1833313241769497
978,0.20366243426138733
979,0.752602406542246
980,0.10200688383905022
981,0.32564909476826137
982,2.6433956443985203
983,1.8504823511039632
984,2.0944556721176615
985,0.752602406542246
986,0.7932646267112206
987,2.6433956443985203
988,1.6471712502591898
989,2.053793451948737
990,1.159224608231793
991,0.5289601956130349
992,1.382866819161004
993,1.2405490485696924
994,-0.3046153178504968
995,0.6509468561198593
996,2.013131231779762
997,1.830151241019476
998,0.1630002140924624
999,0.589953525866447
1000,0.6712779662043465
1001,0.87458906704912
1002,0.8339268468801454
1003,2.0944556721176615
1004,-0.20295976742811
1005,-0.12163532709021055
1006,1.2202179384852052
1007,2.501077873807209
1008,2.0334623418642495
1009,1.2608801586541798
1010,-0.4266019783573708
1011,-0.16229754725913545
1012,-0.18262865734362274
1013,1.2608801586541798
1014,-0.3249464279349841
1015,1.484522369583391
1016,0.7322712964577587
1017,-0.3452775380194217
1018,0.6509468561198593
1019,2.013131231779762
1020,2.1554490023711237
1021,0.20366243426138733
1022,1.3218734889075918
1023,-0.0199797766678238
1024,0.8339268468801454
1025,0.3866424250216735
1026,0.5696224157819597
1027,1.4235290393299787
1028,0.6102846359509343
1029,0.3053179846837741
1030,0.8135957367957078
1031,0.1630002140924624
1032,0.2239935443458746
1033,-0.9145486203847676
1034,1.7488268006815766
1035,1.1388934981473058
1036,-0.2436219875970846
1037,1.382866819161004
1038,0.5086290855285476
1039,1.2405490485696924
1040,1.0169068376404315
1041,0.5289601956130349
1042,0.1833313241769497
1043,0.589953525866447
1044,0.5492913056975222
1045,1.5251845897523655
1046,2.1554490023711237
1047,1.5861779200057775
1048,0.9355823973025322
1049,0.5086290855285476
1050,1.2405490485696924
1051,0.2849868745992868
1052,1.3422045989920792
1053,0.2443246544303619
1054,1.4235290393299787
1055,1.5251845897523655
1056,1.7894890208505512
1057,0.3663113149372359
1058,0.2443246544303619
1059,-0.3046153178504968
1060,0.6916090762888337
1061,0.4476357552751354
1062,0.6102846359509343
1063,0.8949201771336073
1064,1.2405490485696924
1065,-0.12163532709021055
1066,-0.4266019783573708
1067,1.8911445712729378
1068,1.1388934981473058
1069,1.1388934981473058
1070,1.0575690578094061
1071,1.7691579107660638
1072,2.0334623418642495
1073,0.5289601956130349
1074,-0.040310886752311086
1075,0.6916090762888337
1076,1.2608801586541798
1077,0.8339268468801454
1078,0.9559135073870194
1079,1.0575690578094061
1080,0.3459802048527486
1081,0.8949201771336073
1082,0.6916090762888337
1083,0.1630002140924624
1084,1.6878334704281643
1085,0.1630002140924624
1086,0.3459802048527486
1087,-0.365608648103909
1088,1.7081645805126515
1089,0.87458906704912
1090,1.484522369583391
1091,0.1833313241769497
1092,-0.2639530976815222
1093,-0.040310886752311086
1094,0.32564909476826137
1095,2.5417400939761334
1096,-0.6705752993710692
1097,0.4273046451906481
1098,1.0575690578094061
1099,1.037237947724919
1100,0.1833313241769497
1101,2.0741245620331745
1102,0.0003513334166634804
1103,2.297766772962435
1104,1.4031979292454912
1105,1.382866819161004
1106,1.7284956905970892
1107,0.7322712964577587
1108,1.037237947724919
1109,-0.0199797766678238
1110,0.3866424250216735
1111,1.7894890208505512
1112,1.2202179384852052
1113,2.0944556721176615
1114,1.0169068376404315
1115,0.711940186373321
1116,-0.4672641985262957
1117,0.87458906704912
1118,1.4235290393299787
1119,-0.3452775380194217
1120,1.5658468099212903
1121,1.7081645805126515
1122,0.752602406542246
1123,1.0575690578094061
1124,0.6509468561198593
1125,-0.080973106921236
1126,0.5289601956130349
1127,-0.3452775380194217
1128,1.5861779200057775
1129,-0.6299130792020946
1130,0.752602406542246
1131,0.9355823973025322
1132,0.87458906704912
1133,1.4438601494144658
1134,1.1388934981473058
1135,1.1185623880628184
1136,0.7932646267112206
1137,1.1795557183162306
1138,0.2239935443458746
1139,0.711940186373321
1140,0.9152512872180449
1141,0.589953525866447
1142,1.3625357090765169
1143,0.08167577375456295
1144,-0.5689197489486825
1145,0.3053179846837741
1146,-0.487595308610783
1147,0.9152512872180449
1148,1.0779001678938935
1149,1.7488268006815766
1150,-0.7722308497934559
1151,1.9724690116108372
1152,-0.2436219875970846
1153,0.6102846359509343
1154,1.2405490485696924
1155,1.1185623880628184
1156,1.2202179384852052
1157,0.2646557645148492
1158,0.041013553585588385
1159,0.8542579569646327
1160,0.589953525866447
1161,1.3015423788231046
1162,1.1795557183162306
1163,1.3625357090765169
1164,1.545515699836803
1165,0.996575727555994
1166,-0.8332241800468682
1167,0.12233799392348785
1168,0.08167577375456295
1169,0.2239935443458746
1170,1.1185623880628184
1171,-0.20295976742811
1172,1.037237947724919
1173,-0.2436219875970846
1174,0.06134466367007567
1175,-0.2232908775125973
1176,2.0334623418642495
1177,1.9724690116108372
1178,1.3422045989920792
1179,1.0779001678938935
1180,0.9559135073870194
1181,0.2239935443458746
1182,-0.6502441892865819
1183,0.9355823973025322
1184,-0.6502441892865819
1185,1.2202179384852052
1186,1.0575690578094061
1187,0.1833313241769497
1188,1.037237947724919
1189,2.684057864567495
1190,0.6509468561198593
1191,1.8911445712729378
1192,0.2443246544303619
1193,0.20366243426138733
1194,1.3422045989920792
1195,1.1795557183162306
1196,-0.20295976742811
1197,0.5492913056975222
1198,-0.8332241800468682
1199,0.6102846359509343
1200,-0.9552108405537422
1201,0.2443246544303619
1202,1.3218734889075918
1203,2.236773442709023
1204,-0.365608648103909
1205,2.053793451948737
1206,0.711940186373321
1207,1.7081645805126515
1208,-0.995873060722667
1209,1.3422045989920792
1210,0.6102846359509343
1211,0.5696224157819597
1212,1.0779001678938935
1213,0.5289601956130349
1214,0.08167577375456295
1215,0.5086290855285476
1216,1.3218734889075918
1217,-0.487595308610783
1218,0.7932646267112206
1219,0.7322712964577587
1220,0.6712779662043465
1221,0.4273046451906481
1222,0.87458906704912
1223,0.9152512872180449
1224,1.2202179384852052
1225,-0.06064199683679836
1226,0.9762446174715067
1227,1.1795557183162306
1228,0.3866424250216735
1229,1.0779001678938935
1230,2.1554490023711237
1231,0.711940186373321
1232,-0.06064199683679836
1233,1.3218734889075918
1234,0.7322712964577587
1235,-0.040310886752311086
1236,1.8911445712729378
1237,-0.6705752993710692
1238,0.9559135073870194
1239,1.0575690578094061
1240,1.2405490485696924
1241,2.501077873807209
1242,0.9559135073870194
1243,1.6268401401747026
1244,0.7729335166267333
1245,-0.080973106921236
1246,1.0982312779783312
1247,1.0169068376404315
1248,0.467966865359573
1249,-0.20295976742811
1250,1.8504823511039632
1251,1.4031979292454912
1252,0.4476357552751354
1253,0.7932646267112206
1254,-0.9145486203847676
1255,1.6268401401747026
1256,-0.8128930699623809
1257,0.4882979754440603
1258,0.5289601956130349
1259,-0.9755419506381798
1260,0.6306157460354216
1261,0.2849868745992868
1262,0.08167577375456295
1263,1.4031979292454912
1264,0.4069735351061608
1265,1.2608801586541798
1266,1.037237947724919
1267,1.0169068376404315
1268,-0.10130421700572327
1269,1.3422045989920792
1270,-0.3249464279349841
1271,-0.12163532709021055
1272,1.8504823511039632
1273,1.1998868284007178
1274,2.4197534334693094
1275,0.5492913056975222
1276,1.4641912594989035
1277,0.14266910400797514
1278,-0.7722308497934559
1279,0.08167577375456295
1280,0.4069735351061608
1281,0.9559135073870194
1282,-0.3859397581883962
1283,2.0944556721176615
1284,-0.040310886752311086
1285,0.6916090762888337
1286,-0.14196643717469784
1287,0.711940186373321
1288,1.8098201309349886
1289,1.1185623880628184
1290,1.1795557183162306
1291,-0.080973106921236
1292,0.4882979754440603
1293,1.1388934981473058
1294,1.3625357090765169
1295,1.7488268006815766
1296,2.745051194820907
1297,0.041013553585588385
1298,1.3218734889075918
1299,0.5289601956130349
1300,0.467966865359573
1301,1.4438601494144658
1302,0.7322712964577587
1303,0.8339268468801454
1304,1.1185623880628184
1305,1.6268401401747026
1306,-0.10130421700572327
1307,1.3015423788231046
1308,1.9114756813573754
1309,0.711940186373321
1310,1.6268401401747026
1311,0.752602406542246
1312,-0.4469330884418084
1313,0.8135957367957078
1314,0.9355823973025322
1315,0.3663113149372359
1316,0.6509468561198593
1317,0.2239935443458746
1318,0.5289601956130349
1319,-0.3859397581883962
1320,1.5861779200057775
1321,1.4641912594989035
1322,-0.0199797766678238
1323,0.467966865359573
1324,1.1388934981473058
1325,0.996575727555994
1326,1.8098201309349886
1327,0.5696224157819597
1328,2.257104552793461
1329,1.5861779200057775
1330,1.2202179384852052
1331,1.1388934981473058
1332,0.6509468561198593
1333,-0.2639530976815222
1334,0.87458906704912
1335,-0.6299130792020946
1336,-1.3618330422432394
1337,1.2202179384852052
1338,1.9318067914418626
1339,1.8098201309349886
1340,-0.16229754725913545
1341,0.2443246544303619
1342,-0.2232908775125973
1343,-0.2232908775125973
1344,-0.06064199683679836
1345,0.1833313241769497
1346,-1.5244819229190385
1347,0.5289601956130349
1348,0.8949201771336073
1349,1.1998868284007178
1350,0.9355823973025322
1351,-0.365608648103909
1352,1.2405490485696924
1353,0.32564909476826137
1354,0.8542579569646327
1355,-0.3046153178504968
1356,0.06134466367007567
1357,1.2608801586541798
1358,0.9152512872180449
1359,1.0779001678938935
1360,0.10200688383905022
1361,2.623064534314033
1362,0.8135957367957078
1363,0.589953525866447
1364,1.2608801586541798
1365,1.1185623880628184
1366,1.4438601494144658
1367,1.0169068376404315
1368,2.175780112455561
1369,-0.080973106921236
1370,0.87458906704912
1371,-0.487595308610783
1372,0.32564909476826137
1373,1.4031979292454912
1374,0.6306157460354216
1375,-0.3249464279349841
1376,0.041013553585588385
1377,0.7729335166267333
1378,0.8542579569646327
1379,1.037237947724919
1380,1.7081645805126515
1381,-0.2436219875970846
1382,0.5289601956130349
1383,-0.20295976742811
1384,0.0003513334166634804
1385,1.0169068376404315
1386,0.7322712964577587
1387,1.037237947724919
1388,1.4235290393299787
1389,1.2812112687386172
1390,1.1795557183162306
1391,0.6916090762888337
1392,-0.365608648103909
1393,0.2849868745992868
1394,1.4031979292454912
1395,1.1795557183162306
1396,-0.5282575287797079
1397,0.7322712964577587
1398,0.1630002140924624
1399,1.7488268006815766
1400,0.9152512872180449
1401,1.2202179384852052
1402,1.2405490485696924
1403,1.3422045989920792
1404,-0.18262865734362274
1405,-0.8332241800468682
1406,0.3053179846837741
1407,1.9724690116108372
1408,0.8135957367957078
1409,2.1961112225400483
1410,0.020682443501101103
1411,-0.20295976742811
1412,3.537964488115464
1413,1.5861779200057775
1414,0.8542579569646327
1415,1.0169068376404315
1416,1.5251845897523655
1417,1.0575690578094061
1418,2.1554490023711237
1419,0.8542579569646327
1420,-0.2639530976815222
1421,0.7322712964577587
1422,-0.06064199683679836
1423,-0.080973106921236
1424,1.2405490485696924
1425,0.8949201771336073
1426,0.6712779662043465
1427,-0.18262865734362274
1428,1.1795557183162306
1429,0.4476357552751354
1430,0.12233799392348785
1431,1.0982312779783312
1432,2.257104552793461
1433,1.2608801586541798
1434,0.6306157460354216
1435,-0.995873060722667
1436,1.382866819161004
1437,0.2646557645148492
1438,-0.2232908775125973
1439,0.5696224157819597
1440,2.013131231779762
1441,1.5251845897523655
1442,1.9318067914418626
1443,0.6509468561198593
1444,1.667502360343677
1445,-0.3859397581883962
1446,0.8339268468801454
1447,0.5086290855285476
1448,1.382866819161004
1449,1.7284956905970892
1450,0.6306157460354216
1451,0.8542579569646327
1452,0.6509468561198593
1453,0.467966865359573
1454,1.545515699836803
1455,-0.4469330884418084
1456,0.2443246544303619
1457,0.10200688383905022
1458,0.7729335166267333
1459,0.5086290855285476
1460,1.0779001678938935
1461,0.1833313241769497
1462,0.2849868745992868
1463,0.8339268468801454
1464,0.6509468561198593
1465,0.87458906704912
1466,0.5492913056975222
1467,3.192335616679379
1468,0.2849868745992868
1469,-0.3046153178504968
1470,1.2812112687386172
1471,1.2405490485696924
1472,1.037237947724919
1473,-0.365608648103909
1474,1.8504823511039632
1475,2.053793451948737
1476,0.2646557645148492
1477,-0.7112375195399941
1478,-0.20295976742811
1479,0.06134466367007567
1480,-0.040310886752311086
1481,2.1351178922866363
1482,-0.7722308497934559
1483,1.5861779200057775
1484,1.9724690116108372
1485,0.7729335166267333
1486,0.3663113149372359
1487,-0.4062708682728835
1488,-0.365608648103909
1489,1.1185623880628184
1490,-0.18262865734362274
1491,2.0334623418642495
1492,-0.6909064094555565
1493,0.2646557645148492
1494,1.1795557183162306
1495,1.8708134611884506
1496,1.1795557183162306
1497,1.7284956905970892
1498,-0.8942175103002803
1499,1.7691579107660638
1500,1.1185623880628184
1501,0.7932646267112206
1502,0.711940186373321
1503,0.06134466367007567
1504,-0.0199797766678238
1505,0.5289601956130349
1506,0.4069735351061608
1507,1.484522369583391
1508,1.4438601494144658
1509,1.4235290393299787
1510,2.4400845435537466
1511,-0.6095819691176073
1512,0.2849868745992868
1513,0.7729335166267333
1514,1.606509030090265
1515,0.4882979754440603
1516,0.7729335166267333
1517,-0.7112375195399941
1518,0.12233799392348785
1519,-0.080973106921236
1520,0.589953525866447
1521,1.037237947724919
1522,0.32564909476826137
1523,1.037237947724919
1524,1.1795557183162306
1525,1.159224608231793
1526,1.3218734889075918
1527,1.667502360343677
1528,0.2443246544303619
1529,-0.0199797766678238
1530,1.037237947724919
1531,-0.5079264186952702
1532,0.87458906704912
1533,-0.2436219875970846
1534,0.5696224157819597
1535,1.830151241019476
1536,1.1388934981473058
1537,1.6878334704281643
1538,0.041013553585588385
1539,-0.0199797766678238
1540,0.32564909476826137
1541,1.9114756813573754
1542,-0.4062708682728835
1543,0.752602406542246
1544,0.2849868745992868
1545,2.358760103215847
1546,-0.8128930699623809
1547,1.1795557183162306
1548,0.711940186373321
1549,-0.080973106921236
1550,1.0169068376404315
1551,0.7322712964577587
1552,-0.365608648103909
1553,1.3422045989920792
1554,0.8339268468801454
1555,0.4882979754440603
1556,1.382866819161004
1557,-0.8535552901313554
1558,0.08167577375456295
1559,0.5492913056975222
1560,1.1998868284007178
1561,-0.9348797304692549
1562,0.4476357552751354
1563,0.6712779662043465
1564,1.1185623880628184
1565,1.1388934981473058
1566,0.9355823973025322
1567,-0.3249464279349841
1568,0.9355823973025322
1569,0.996575727555994
1570,-0.7518997397089686
1571,0.7322712964577587
1572,0.7932646267112206
1573,0.5289601956130349
1574,0.3866424250216735
1575,2.501077873807209
1576,1.8911445712729378
1577,2.7653823049053945
1578,0.32564909476826137
1579,0.8135957367957078
1580,0.9762446174715067
1581,3.639620038537851
1582,0.996575727555994
1583,0.3663113149372359
1584,0.7322712964577587
1585,1.0982312779783312
1586,2.3790912133003346
1587,0.87458906704912
1588,0.589953525866447
1589,0.2849868745992868
1590,0.467966865359573
1591,1.9318067914418626
1592,1.504853479667878
1593,0.3663113149372359
1594,0.6102846359509343
1595,1.5861779200057775
1596,1.545515699836803
1597,0.3866424250216735
1598,2.7247200847364197
1599,1.0779001678938935
1600,-0.5485886388641952
1601,2.0741245620331745
1602,0.4882979754440603
1603,1.8708134611884506
1604,0.9355823973025322
1605,0.8135957367957078
1606,-0.080973106921236
1607,1.0169068376404315
1608,1.545515699836803
1609,0.7729335166267333
1610,-0.4266019783573708
1611,0.7932646267112206
1612,0.12233799392348785
1613,-1.3821641523277268
1614,0.5289601956130349
1615,-0.6705752993710692
1616,-0.3859397581883962
1617,0.06134466367007567
1618,1.545515699836803
1619,2.1961112225400483
1620,0.9762446174715067
1621,-0.2639530976815222
1622,0.3866424250216735
1623,0.8339268468801454
1624,0.5696224157819597
1625,1.2608801586541798
1626,-0.6502441892865819
1627,1.484522369583391
1628,0.87458906704912
1629,2.460415653638234
1630,1.1388934981473058
1631,1.3218734889075918
1632,0.6916090762888337
1633,0.711940186373321
1634,1.037237947724919
1635,0.8135957367957078
1636,1.3015423788231046
1637,1.2405490485696924
1638,1.9318067914418626
1639,-0.3249464279349841
1640,0.3459802048527486
1641,1.5658468099212903
1642,0.10200688383905022
1643,-0.8332241800468682
1644,1.1998868284007178
1645,1.5861779200057775
1646,1.1388934981473058
1647,0.14266910400797514
1648,1.4641912594989035
1649,0.711940186373321
1650,1.3625357090765169
1651,0.9152512872180449
1652,0.10200688383905022
1653,0.6509468561198593
1654,1.4031979292454912
1655,-0.10130421700572327
1656,-0.4062708682728835
1657,0.5086290855285476
1658,1.6471712502591898
1659,1.3422045989920792
1660,0.2849868745992868
1661,0.12233799392348785
1662,2.1351178922866363
1663,1.5658468099212903
1664,0.4069735351061608
1665,1.0169068376404315
1666,1.7488268006815766
1667,0.87458906704912
1668,1.7284956905970892
1669,0.3866424250216735
1670,-0.2639530976815222
1671,1.0169068376404315
1672,2.968693405750118
1673,0.9559135073870194
1674,1.3625357090765169
1675,2.236773442709023
1676,0.3459802048527486
1677,0.14266910400797514
1678,-0.5689197489486825
1679,0.8542579569646327
1680,1.6471712502591898
1681,0.3459802048527486
1682,0.7729335166267333
1683,0.4476357552751354
1684,0.14266910400797514
1685,1.6878334704281643
1686,0.5696224157819597
1687,0.6102846359509343
1688,1.3015423788231046
1689,-0.4469330884418084
1690,-0.4266019783573708
1691,1.606509030090265
1692,0.4476357552751354
1693,2.399422323384822
1694,0.08167577375456295
1695,0.6712779662043465
1696,1.1388934981473058
1697,0.4069735351061608
1698,-0.2639530976815222
1699,0.87458906704912
1700,-0.7518997397089686
1701,0.711940186373321
1702,-0.4062708682728835
1703,2.053793451948737
1704,-0.0199797766678238
1705,0.8339268468801454
1706,-0.6095819691176073
1707,1.830151241019476
1708,0.06134466367007567
1709,1.382866819161004
1710,0.9762446174715067
1711,1.159224608231793
1712,0.7322712964577587
1713,0.4476357552751354
1714,0.6306157460354216
1715,0.6102846359509343
1716,-0.3249464279349841
1717,-0.3452775380194217
1718,1.484522369583391
1719,1.484522369583391
1720,-0.6909064094555565
1721,-0.16229754725913545
1722,2.867037855327781
1723,0.9152512872180449
1724,0.8949201771336073
1725,2.501077873807209
1726,0.2443246544303619
1727,0.752602406542246
1728,0.20366243426138733
1729,0.87458906704912
1730,0.87458906704912
1731,1.1795557183162306
1732,1.0982312779783312
1733,1.3015423788231046
1734,-0.10130421700572327
1735,1.504853479667878
1736,0.8542579569646327
1737,0.6916090762888337
1738,0.3053179846837741
1739,0.8339268468801454
1740,1.2812112687386172
1741,-0.6909064094555565
1742,1.1185623880628184
1743,1.830151241019476
1744,1.7691579107660638
1745,1.7488268006815766
1746,2.562071204060621
1747,0.32564909476826137
1748,1.0575690578094061
1749,0.3663113149372359
1750,0.752602406542246
1751,-0.20295976742811
1752,1.0779001678938935
1753,-0.20295976742811
1754,1.3218734889075918
1755,2.236773442709023
1756,0.5289601956130349
1757,2.0334623418642495
1758,0.8949201771336073
1759,0.6712779662043465
1760,0.6916090762888337
1761,0.6306157460354216
1762,-0.8738864002158427
1763,-0.16229754725913545
1764,2.175780112455561
1765,1.037237947724919
1766,0.6509468561198593
1767,-0.6299130792020946
1768,0.10200688383905022
1769,1.1388934981473058
1770,0.8135957367957078
1771,0.467966865359573
1772,1.5658468099212903
1773,0.8339268468801454
1774,0.9559135073870194
1775,0.9559135073870194
1776,0.2646557645148492
1777,0.8542579569646327
1778,1.0982312779783312
1779,0.10200688383905022
1780,1.1998868284007178
1781,0.20366243426138733
1782,-0.4469330884418084
1783,0.6102846359509343
1784,0.6102846359509343
1785,0.32564909476826137
1786,-0.2232908775125973
1787,0.2849868745992868
1788,-0.4469330884418084
1789,0.6306157460354216
1790,0.87458906704912
1791,1.1795557183162306
1792,2.2164423326245357
1793,0.2443246544303619
1794,-0.8332241800468682
1795,-0.4672641985262957
1796,1.2405490485696924
1797,0.8949201771336073
1798,1.484522369583391
1799,0.8949201771336073
1800,0.7322712964577587
1801,0.20366243426138733
1802,0.4476357552751354
1803,0.9355823973025322
1804,0.7932646267112206
1805,1.4438601494144658
1806,-0.4062708682728835
1807,0.7729335166267333
1808,-0.2639530976815222
1809,0.8135957367957078
1810,0.6916090762888337
1811,1.0169068376404315
1812,0.1833313241769497
1813,1.2608801586541798
1814,2.602733424229595
1815,1.5861779200057775
1816,0.14266910400797514
1817,-0.487595308610783
1818,0.7729335166267333
1819,-0.365608648103909
1820,0.1630002140924624
1821,0.589953525866447
1822,1.484522369583391
1823,1.037237947724919
1824,0.3663113149372359
1825,0.2443246544303619
1826,1.2812112687386172
1827,1.7081645805126515
1828,1.037237947724919
1829,-0.06064199683679836
1830,0.2849868745992868
1831,-0.3452775380194217
1832,0.4476357552751354
1833,1.5861779200057775
1834,1.9318067914418626
1835,0.12233799392348785
1836,1.504853479667878
1837,0.5289601956130349
1838,0.5492913056975222
1839,1.95213790152635
1840,1.7894890208505512
1841,2.3180978830469225
1842,2.0334623418642495
1843,1.5658468099212903
1844,1.2608801586541798
1845,-0.4062708682728835
1846,-0.18262865734362274
1847,1.5658468099212903
1848,-0.20295976742811
1849,0.711940186373321
1850,-0.8535552901313554
1851,1.4031979292454912
1852,1.0982312779783312
1853,0.9152512872180449
1854,1.0169068376404315
1855,0.5086290855285476
1856,1.159224608231793
1857,0.9355823973025322
1858,1.1795557183162306
1859,0.8135957367957078
1860,0.6102846359509343
1861,0.9152512872180449
1862,1.6471712502591898
1863,-0.5079264186952702
1864,-0.0199797766678238
1865,-0.5892508590331698
1866,1.9114756813573754
1867,0.711940186373321
1868,0.5696224157819597
1869,0.4273046451906481
1870,-1.2601774918208528
1871,1.2812112687386172
1872,0.0003513334166634804
1873,-0.7722308497934559
1874,0.9559135073870194
1875,0.6102846359509343
1876,1.484522369583391
1877,0.6306157460354216
1878,2.1961112225400483
1879,-1.0975286111450537
1880,0.711940186373321
1881,1.606509030090265
1882,0.1833313241769497
1883,1.7081645805126515
1884,1.1388934981473058
1885,1.7894890208505512
1886,0.14266910400797514
1887,0.4476357552751354
1888,0.6102846359509343
1889,0.6916090762888337
1890,0.2443246544303619
1891,1.9114756813573754
1892,0.7322712964577587
1893,0.6916090762888337
1894,1.6471712502591898
1895,1.3625357090765169
1896,2.1351178922866363
1897,1.0575690578094061
1898,0.4882979754440603
1899,1.0169068376404315
1900,1.0575690578094061
1901,1.8708134611884506
1902,1.3015423788231046
1903,1.0982312779783312
1904,0.8135957367957078
1905,0.041013553585588385
1906,0.6509468561198593
1907,1.7691579107660638
1908,0.5289601956130349
1909,0.467966865359573
1910,1.3625357090765169
1911,1.0169068376404315
1912,0.5696224157819597
1913,1.5861779200057775
1914,0.8949201771336073
1915,1.606509030090265
1916,0.8339268468801454
1917,1.4641912594989035
1918,2.7043889746519323
1919,0.711940186373321
1920,-0.080973106921236
1921,0.7322712964577587
1922,0.2239935443458746
1923,0.8949201771336073
1924,0.3053179846837741
1925,1.0982312779783312
1926,-0.5282575287797079
1927,1.545515699836803
1928,0.4069735351061608
1929,0.6509468561198593
1930,0.5086290855285476
1931,2.5214089838916465
1932,0.8339268468801454
1933,0.87458906704912
1934,1.545515699836803
1935,1.8708134611884506
1936,2.7043889746519323
1937,-0.040310886752311086
1938,-0.2436219875970846
1939,1.2202179384852052
1940,1.3218734889075918
1941,0.8542579569646327
1942,1.545515699836803
1943,-0.5892508590331698
1944,1.4438601494144658
1945,0.6102846359509343
1946,1.1795557183162306
1947,-0.5282575287797079
1948,-0.14196643717469784
1949,1.0169068376404315
1950,0.32564909476826137
1951,0.8339268468801454
1952,2.0334623418642495
1953,-0.4672641985262957
1954,-0.7315686296244813
1955,-0.2436219875970846
1956,0.9559135073870194
1957,1.3422045989920792
1958,1.037237947724919
1959,1.504853479667878
1960,1.4235290393299787
1961,0.9355823973025322
1962,2.501077873807209
1963,0.752602406542246
1964,1.3015423788231046
1965,-0.5485886388641952
1966,0.06134466367007567
1967,1.2608801586541798
1968,0.9762446174715067
1969,1.5658468099212903
1970,0.32564909476826137
1971,1.7894890208505512
1972,0.4476357552751354
1973,0.08167577375456295
1974,1.5251845897523655
1975,0.7322712964577587
1976,-0.040310886752311086
1977,-0.3452775380194217
1978,1.95213790152635
1979,-1.5854752531725003
1980,0.8339268468801454
1981,0.5492913056975222
1982,1.3218734889075918
1983,0.6306157460354216
1984,0.589953525866447
1985,0.3053179846837741
1986,1.504853479667878
1987,0.996575727555994
1988,1.0982312779783312
1989,0.5696224157819597
1990,0.996575727555994
1991,0.9152512872180449
1992,1.3218734889075918
1993,1.4438601494144658
1994,1.0575690578094061
1995,1.2405490485696924
1996,0.08167577375456295
1997,2.1351178922866363
1998,0.9152512872180449
1999,1.5861779200057775
