,0
0,1.2930824469673534
1,1.7817063226892955
2,1.884574507051727
3,1.6402625691907953
4,2.5275006593173948
5,1.6531210922361776
6,1.074487555197108
7,2.5146421362720908
8,0.8301756173361764
9,2.0517353066408353
10,1.0616290321518043
11,1.8074233687799033
12,1.100204601287716
13,1.9360085992330212
14,2.090310875776747
15,2.5660762284533063
16,3.041841581129866
17,1.5502529078736678
18,1.6402625691907953
19,0.6887318638376762
20,2.0131597375049233
21,2.244613152320551
22,2.3860569058189727
23,1.5373943848283638
24,2.5917932745439143
25,2.296047244501767
26,1.2416483547861377
27,1.3702335852392555
28,2.244613152320551
29,1.2545068778314417
30,2.283188721456463
31,3.170426811582984
32,2.7460955510877185
33,0.70159038688298
34,1.7559892765986092
35,1.8074233687799033
36,0.6244392486111564
37,2.180320537093953
38,1.11306312433302
39,2.167462014048649
40,1.884574507051727
41,1.871715984006423
42,2.3989154288642767
43,2.823246689359542
44,2.810388166314238
45,2.3089057675470706
46,1.9102915531424134
47,1.987442691414237
48,2.0003012144595407
49,1.3316580161033438
50,2.154603491003345
51,2.360339859728365
52,2.283188721456463
53,1.7945648457345995
54,2.218896106229865
55,1.5888284770095795
56,2.064593829686139
57,2.8361052124049246
58,3.9933722864829853
59,2.4246324749548847
60,2.5017836132267868
61,1.6916966613720894
62,2.8618222584955326
63,0.5472881103392544
64,1.21593130869553
65,3.543323979897112
66,1.6916966613720894
67,0.8173170942907939
68,1.4731017696017656
69,1.4473847235111577
70,3.761918871667357
71,0.5987222025205486
72,0.6372977716564604
73,0.20010798811581265
74,2.3217642905923745
75,2.7718125971783265
76,1.8202818918252073
77,1.4473847235111577
78,1.5502529078736678
79,1.0487705091064217
80,1.9102915531424134
81,1.21593130869553
82,1.7045551844173934
83,2.3989154288642767
84,2.4374909980001886
85,2.823246689359542
86,1.42166767742055
87,0.3801273107502247
88,1.4602432465564616
89,1.1644972165142358
90,2.488925090181483
91,1.035911986061118
92,3.9547967173470733
93,2.3089057675470706
94,2.270330198411159
95,2.6432273667252084
96,1.9360085992330212
97,-0.10849656497163876
98,3.9676552403923773
99,2.077452352731443
100,2.8361052124049246
101,1.9231500761877172
102,2.283188721456463
103,2.7846711202236305
104,3.5947580720783274
105,1.9102915531424134
106,3.0804171502658564
107,1.0616290321518043
108,0.6630148177470683
109,2.1288864449127374
110,1.7174137074626974
111,2.3346228136376785
112,2.88753930458614
113,2.3989154288642767
114,1.1387801704236278
115,0.8687511864720882
116,0.35441026465961684
117,1.7045551844173934
118,2.5017836132267868
119,2.1160279218673548
120,0.7658830021095783
121,2.3474813366829825
122,1.6402625691907953
123,3.4918898877158178
124,1.8331404148705113
125,1.8202818918252073
126,2.218896106229865
127,2.283188721456463
128,0.20010798811581265
129,1.035911986061118
130,1.7945648457345995
131,2.206037583184561
132,1.987442691414237
133,2.9775489659033463
134,3.453314318579906
135,1.1516386934689318
136,2.167462014048649
137,2.283188721456463
138,3.427597272489298
139,1.5373943848283638
140,2.244613152320551
141,1.9617256453236291
142,2.0388767835955313
143,2.4117739519095807
144,1.21593130869553
145,2.617510320634601
146,2.0388767835955313
147,1.8331404148705113
148,2.180320537093953
149,1.3445165391486478
150,3.0804171502658564
151,2.4503495210454926
152,1.6402625691907953
153,1.3959506313298635
154,1.5373943848283638
155,2.244613152320551
156,1.6916966613720894
157,2.7589540741330225
158,1.6916966613720894
159,1.4731017696017656
160,1.228789831740834
161,2.296047244501767
162,1.7945648457345995
163,2.3089057675470706
164,1.5888284770095795
165,1.100204601287716
166,2.167462014048649
167,1.7045551844173934
168,2.900397827631444
169,3.041841581129866
170,0.29011764943301865
171,0.4187028798861365
172,2.0131597375049233
173,1.7688477996439131
174,3.144709765492376
175,2.7460955510877185
176,2.9518319198127383
177,1.5245358617829814
178,2.7589540741330225
179,0.8301756173361764
180,1.5373943848283638
181,2.244613152320551
182,0.7401659560189704
183,2.3217642905923745
184,1.4988188156923734
185,1.203072785650226
186,3.247577949854886
187,0.8558926634267843
188,0.6630148177470683
189,2.5917932745439143
190,1.8202818918252073
191,1.8974330300971094
192,2.0517353066408353
193,2.244613152320551
194,1.0487705091064217
195,0.70159038688298
196,2.4503495210454926
197,2.283188721456463
198,2.7460955510877185
199,0.5730051564298622
200,1.5759699539642755
201,1.4602432465564616
202,0.21296651116111656
203,2.4117739519095807
204,0.49585401815803865
205,1.3445165391486478
206,2.3989154288642767
207,0.70159038688298
208,2.6303688436799044
209,2.3860569058189727
210,3.0804171502658564
211,1.7688477996439131
212,2.5403591823626988
213,1.7045551844173934
214,2.4246324749548847
215,1.9617256453236291
216,2.617510320634601
217,0.7273074329736664
218,0.7530244790642743
219,3.774777394712661
220,1.1516386934689318
221,1.1773557395595395
222,1.8974330300971094
223,1.9102915531424134
224,2.5146421362720908
225,2.193179060139257
226,1.7431307535533052
227,1.6531210922361776
228,2.360339859728365
229,1.9231500761877172
230,1.6788381383267854
231,3.0932756733111604
232,2.8618222584955326
233,1.6916966613720894
234,1.305940970012736
235,2.6818029358611204
236,2.180320537093953
237,3.0804171502658564
238,0.4444199259767444
239,0.9716193708345982
240,1.5631114309189715
241,2.3474813366829825
242,0.80445857124549
243,2.167462014048649
244,1.203072785650226
245,2.5146421362720908
246,1.9102915531424134
247,2.7075199819517284
248,0.9330438016986079
249,2.373198382773669
250,1.7045551844173934
251,1.7045551844173934
252,1.884574507051727
253,1.9102915531424134
254,2.617510320634601
255,2.6432273667252084
256,3.118992719401768
257,2.604651797589297
258,1.6788381383267854
259,2.167462014048649
260,2.3989154288642767
261,2.154603491003345
262,0.8687511864720882
263,1.6274040461454913
264,2.064593829686139
265,2.257471675365855
266,1.6274040461454913
267,1.7174137074626974
268,1.7945648457345995
269,2.604651797589297
270,0.12295684984398905
271,0.7530244790642743
272,1.9102915531424134
273,3.0804171502658564
274,3.19614385767367
275,3.3890217033533077
276,1.9102915531424134
277,3.0675586272205524
278,2.4374909980001886
279,0.5344295872939504
280,1.1259216473783238
281,2.797529643268934
282,2.9646904428580423
283,1.2930824469673534
284,3.543323979897112
285,1.6531210922361776
286,2.0131597375049233
287,1.6788381383267854
288,1.7302722305080012
289,1.2416483547861377
290,1.3187994930580398
291,1.7559892765986092
292,1.8202818918252073
293,2.064593829686139
294,0.2515420802971069
295,1.7559892765986092
296,2.797529643268934
297,2.180320537093953
298,0.8816097095173921
299,1.884574507051727
300,2.0260182605502273
301,2.4246324749548847
302,1.884574507051727
303,1.7559892765986092
304,2.3217642905923745
305,1.987442691414237
306,1.9102915531424134
307,1.8074233687799033
308,2.3860569058189727
309,2.7718125971783265
310,2.064593829686139
311,1.6531210922361776
312,0.7273074329736664
313,2.5660762284533063
314,2.1288864449127374
315,1.305940970012736
316,2.88753930458614
317,2.3089057675470706
318,3.0932756733111604
319,2.0260182605502273
320,2.270330198411159
321,1.974584168368933
322,3.234719426809582
323,2.218896106229865
324,2.3989154288642767
325,1.2416483547861377
326,2.0003012144595407
327,2.0003012144595407
328,2.6303688436799044
329,2.5017836132267868
330,2.3217642905923745
331,1.5888284770095795
332,1.7302722305080012
333,1.4731017696017656
334,2.4117739519095807
335,1.8974330300971094
336,1.7559892765986092
337,0.9844778938799021
338,1.4345262004658539
339,1.6916966613720894
340,1.974584168368933
341,2.103169398822051
342,2.7203785049971105
343,1.4473847235111577
344,1.4731017696017656
345,1.087346078242412
346,0.791600048200186
347,1.8074233687799033
348,2.257471675365855
349,0.6244392486111564
350,1.7559892765986092
351,2.1160279218673548
352,2.6689444128158164
353,2.0260182605502273
354,1.5631114309189715
355,1.4345262004658539
356,1.21593130869553
357,0.4058443568408326
358,2.373198382773669
359,1.0616290321518043
360,1.9360085992330212
361,1.9360085992330212
362,1.1259216473783238
363,1.3187994930580398
364,4.314835362615819
365,1.9488671222783251
366,0.4829954951127347
367,1.8974330300971094
368,1.305940970012736
369,1.974584168368933
370,1.6274040461454913
371,2.3346228136376785
372,3.337587611172092
373,2.167462014048649
374,2.617510320634601
375,2.7718125971783265
376,2.926114873722052
377,2.88753930458614
378,2.7075199819517284
379,0.6887318638376762
380,2.5146421362720908
381,1.5888284770095795
382,3.0804171502658564
383,1.7302722305080012
384,1.2673654008767457
385,1.7174137074626974
386,2.103169398822051
387,0.5472881103392544
388,3.581899549033024
389,2.5403591823626988
390,1.4602432465564616
391,0.02008866548147908
392,2.617510320634601
393,2.900397827631444
394,2.257471675365855
395,4.044806378664279
396,2.8489637354502286
397,3.3890217033533077
398,2.4117739519095807
399,1.1387801704236278
400,2.913256350676748
401,2.3089057675470706
402,2.7846711202236305
403,0.9459023247439903
404,1.3830921082845595
405,2.4246324749548847
406,2.180320537093953
407,2.938973396767356
408,1.6916966613720894
409,1.3445165391486478
410,3.170426811582984
411,1.4731017696017656
412,1.11306312433302
413,1.8331404148705113
414,1.0616290321518043
415,1.6274040461454913
416,2.7332370280424145
417,2.193179060139257
418,2.5146421362720908
419,1.5502529078736678
420,2.5146421362720908
421,3.2990120420361015
422,1.100204601287716
423,0.39298583379552865
424,0.7144489099283625
425,-0.018486903654511232
426,2.8361052124049246
427,2.8361052124049246
428,2.244613152320551
429,2.7332370280424145
430,2.2317546292751684
431,2.283188721456463
432,1.8074233687799033
433,1.8202818918252073
434,0.894468232562696
435,1.4988188156923734
436,2.488925090181483
437,3.453314318579906
438,2.617510320634601
439,1.305940970012736
440,2.244613152320551
441,3.7362018255767495
442,3.2732949959454936
443,0.3415517416142344
444,2.7460955510877185
445,2.257471675365855
446,2.0131597375049233
447,1.8202818918252073
448,1.7302722305080012
449,1.3573750621939518
450,2.3474813366829825
451,1.4345262004658539
452,1.6145455231001873
453,2.5789347514986103
454,2.077452352731443
455,1.0616290321518043
456,1.7302722305080012
457,1.974584168368933
458,2.167462014048649
459,0.5472881103392544
460,1.4859602926470694
461,2.6303688436799044
462,2.270330198411159
463,1.6916966613720894
464,2.206037583184561
465,1.9488671222783251
466,0.9459023247439903
467,2.296047244501767
468,2.090310875776747
469,3.4018802263986117
470,1.8974330300971094
471,1.9231500761877172
472,2.103169398822051
473,2.4117739519095807
474,1.6274040461454913
475,3.8004944408033476
476,1.7431307535533052
477,2.6432273667252084
478,1.3316580161033438
479,0.7787415251548822
480,2.5917932745439143
481,3.0804171502658564
482,1.42166767742055
483,1.9617256453236291
484,0.9587608477892943
485,1.8202818918252073
486,3.209002380718974
487,1.6916966613720894
488,1.8974330300971094
489,1.9102915531424134
490,1.4988188156923734
491,1.5502529078736678
492,0.5858636794751662
493,2.257471675365855
494,1.1516386934689318
495,3.247577949854886
496,0.7530244790642743
497,2.5017836132267868
498,0.791600048200186
499,2.0388767835955313
500,1.8331404148705113
501,2.167462014048649
502,0.5601466333845583
503,1.9231500761877172
504,2.3089057675470706
505,2.0388767835955313
506,1.6531210922361776
507,2.0003012144595407
508,2.3089057675470706
509,3.4790313646705138
510,0.894468232562696
511,1.858857460961119
512,2.3217642905923745
513,1.3959506313298635
514,1.974584168368933
515,0.907326755608
516,2.0388767835955313
517,2.5917932745439143
518,1.3573750621939518
519,3.2861535189907976
520,2.0388767835955313
521,2.0388767835955313
522,1.6531210922361776
523,3.3504461342173957
524,1.01019493997051
525,2.206037583184561
526,1.305940970012736
527,2.7460955510877185
528,1.2802239239220496
529,1.3316580161033438
530,2.0517353066408353
531,1.228789831740834
532,1.7688477996439131
533,1.228789831740834
534,3.106134196356464
535,2.0517353066408353
536,0.7787415251548822
537,0.5601466333845583
538,2.88753930458614
539,1.3573750621939518
540,1.3830921082845595
541,1.5245358617829814
542,2.810388166314238
543,2.4760665671361
544,1.0487705091064217
545,1.3959506313298635
546,4.1348160399814855
547,2.5532177054080023
548,2.1288864449127374
549,1.4731017696017656
550,1.5116773387376774
551,1.5116773387376774
552,1.8202818918252073
553,1.4088091543751673
554,2.090310875776747
555,3.2861535189907976
556,0.8687511864720882
557,1.305940970012736
558,3.0289830580845623
559,3.05470010417517
560,1.9617256453236291
561,1.1387801704236278
562,2.8489637354502286
563,1.1259216473783238
564,2.103169398822051
565,1.8974330300971094
566,1.858857460961119
567,1.074487555197108
568,2.7203785049971105
569,2.3217642905923745
570,1.3445165391486478
571,1.5116773387376774
572,2.3989154288642767
573,1.5759699539642755
574,1.3573750621939518
575,2.3474813366829825
576,1.884574507051727
577,1.7302722305080012
578,2.913256350676748
579,2.8489637354502286
580,1.6145455231001873
581,2.064593829686139
582,1.7174137074626974
583,1.6916966613720894
584,2.3346228136376785
585,3.7362018255767495
586,1.6788381383267854
587,2.797529643268934
588,1.7174137074626974
589,2.7846711202236305
590,0.5987222025205486
591,2.167462014048649
592,1.845998937915815
593,2.7460955510877185
594,0.6887318638376762
595,0.5472881103392544
596,2.103169398822051
597,1.9360085992330212
598,2.5403591823626988
599,1.6788381383267854
600,1.42166767742055
601,1.2416483547861377
602,1.7945648457345995
603,2.270330198411159
604,1.4602432465564616
605,1.3573750621939518
606,1.4988188156923734
607,1.845998937915815
608,2.373198382773669
609,2.3474813366829825
610,1.42166767742055
611,2.0388767835955313
612,1.6402625691907953
613,2.0003012144595407
614,1.1644972165142358
615,1.8974330300971094
616,0.7658830021095783
617,2.5275006593173948
618,1.1644972165142358
619,0.894468232562696
620,1.1259216473783238
621,2.797529643268934
622,1.3959506313298635
623,0.7787415251548822
624,2.154603491003345
625,2.7332370280424145
626,0.9587608477892943
627,1.5245358617829814
628,2.900397827631444
629,2.874680781540836
630,0.9330438016986079
631,2.6689444128158164
632,1.3702335852392555
633,0.9844778938799021
634,1.7431307535533052
635,2.926114873722052
636,1.228789831740834
637,3.209002380718974
638,3.5047484107611218
639,2.8361052124049246
640,2.7203785049971105
641,0.7530244790642743
642,2.4760665671361
643,2.1288864449127374
644,0.7401659560189704
645,0.2258250342064205
646,1.7559892765986092
647,0.49585401815803865
648,1.7302722305080012
649,1.7302722305080012
650,3.234719426809582
651,2.3860569058189727
652,0.6501562947017643
653,2.6303688436799044
654,2.6689444128158164
655,2.0388767835955313
656,2.103169398822051
657,1.4088091543751673
658,2.0260182605502273
659,0.8173170942907939
660,0.8301756173361764
661,1.974584168368933
662,2.167462014048649
663,1.4345262004658539
664,3.440455795534602
665,0.9459023247439903
666,0.3415517416142344
667,0.7787415251548822
668,1.6659796152814816
669,2.0260182605502273
670,1.5116773387376774
671,2.5917932745439143
672,2.874680781540836
673,2.360339859728365
674,1.6402625691907953
675,2.0517353066408353
676,2.7718125971783265
677,2.9646904428580423
678,1.203072785650226
679,1.3573750621939518
680,1.6788381383267854
681,0.9459023247439903
682,2.797529643268934
683,2.1288864449127374
684,1.9488671222783251
685,0.21296651116111656
686,2.077452352731443
687,1.974584168368933
688,1.974584168368933
689,1.987442691414237
690,2.8361052124049246
691,2.7332370280424145
692,2.283188721456463
693,1.9360085992330212
694,1.203072785650226
695,1.9231500761877172
696,1.9617256453236291
697,2.823246689359542
698,1.6531210922361776
699,0.7658830021095783
700,2.077452352731443
701,3.0932756733111604
702,1.7817063226892955
703,1.2802239239220496
704,3.0161245350392583
705,2.0517353066408353
706,3.3761631803080037
707,1.8074233687799033
708,2.167462014048649
709,1.4731017696017656
710,2.7460955510877185
711,2.167462014048649
712,2.296047244501767
713,1.987442691414237
714,1.3187994930580398
715,3.0804171502658564
716,1.2673654008767457
717,3.0675586272205524
718,2.5532177054080023
719,1.4088091543751673
720,2.373198382773669
721,-0.14707213410762907
722,1.3445165391486478
723,1.7431307535533052
724,2.4760665671361
725,2.064593829686139
726,1.4731017696017656
727,1.6402625691907953
728,2.270330198411159
729,2.167462014048649
730,1.9102915531424134
731,0.6244392486111564
732,2.141744967958041
733,2.141744967958041
734,2.913256350676748
735,2.3474813366829825
736,2.4374909980001886
737,1.2802239239220496
738,1.8331404148705113
739,2.7203785049971105
740,2.1160279218673548
741,2.270330198411159
742,1.4731017696017656
743,1.4345262004658539
744,0.6758733407923722
745,2.360339859728365
746,1.087346078242412
747,0.997336416925206
748,2.5917932745439143
749,2.3474813366829825
750,3.209002380718974
751,2.3089057675470706
752,3.221860903764278
753,1.7945648457345995
754,1.2545068778314417
755,2.5789347514986103
756,2.488925090181483
757,3.9162211482111613
758,2.360339859728365
759,3.26043647290019
760,1.6659796152814816
761,2.88753930458614
762,1.3187994930580398
763,2.373198382773669
764,1.7431307535533052
765,1.087346078242412
766,3.183285334628288
767,2.064593829686139
768,2.4246324749548847
769,1.7302722305080012
770,1.6531210922361776
771,2.797529643268934
772,2.7718125971783265
773,2.5660762284533063
774,1.9102915531424134
775,2.206037583184561
776,2.103169398822051
777,1.074487555197108
778,1.7945648457345995
779,2.9904074889486503
780,3.0289830580845623
781,1.228789831740834
782,3.4661728416252098
783,2.373198382773669
784,2.4246324749548847
785,0.9587608477892943
786,2.4760665671361
787,1.8974330300971094
788,2.0388767835955313
789,0.43156140293144046
790,2.0517353066408353
791,2.2317546292751684
792,1.4859602926470694
793,2.0131597375049233
794,2.3346228136376785
795,2.0260182605502273
796,1.858857460961119
797,1.42166767742055
798,0.11009832679860661
799,2.5403591823626988
800,1.858857460961119
801,1.1387801704236278
802,2.5403591823626988
803,0.5472881103392544
804,1.9231500761877172
805,0.11009832679860661
806,3.15756828853768
807,2.7460955510877185
808,2.1160279218673548
809,1.7817063226892955
810,2.4374909980001886
811,2.090310875776747
812,1.3445165391486478
813,1.7302722305080012
814,2.090310875776747
815,2.1288864449127374
816,2.180320537093953
817,1.5631114309189715
818,1.987442691414237
819,1.4088091543751673
820,2.0388767835955313
821,1.7431307535533052
822,1.8974330300971094
823,1.3573750621939518
824,1.1516386934689318
825,2.938973396767356
826,2.4503495210454926
827,2.3217642905923745
828,1.7817063226892955
829,2.874680781540836
830,1.228789831740834
831,2.9646904428580423
832,2.3860569058189727
833,1.1516386934689318
834,2.8489637354502286
835,2.5917932745439143
836,2.0131597375049233
837,0.7273074329736664
838,2.7846711202236305
839,1.9617256453236291
840,0.5215710642486465
841,2.0131597375049233
842,1.7045551844173934
843,1.5759699539642755
844,1.858857460961119
845,1.1644972165142358
846,1.305940970012736
847,2.270330198411159
848,2.154603491003345
849,2.926114873722052
850,2.1288864449127374
851,1.9102915531424134
852,4.109098993890799
853,1.3959506313298635
854,2.283188721456463
855,1.5116773387376774
856,1.5502529078736678
857,0.9844778938799021
858,2.6689444128158164
859,2.090310875776747
860,3.234719426809582
861,2.283188721456463
862,-0.21136474933414873
863,1.2802239239220496
864,1.5888284770095795
865,3.19614385767367
866,2.283188721456463
867,0.2258250342064205
868,3.5047484107611218
869,1.21593130869553
870,2.296047244501767
871,2.090310875776747
872,2.0131597375049233
873,1.1902142626049221
874,2.193179060139257
875,2.077452352731443
876,1.884574507051727
877,-0.03134542669981516
878,1.228789831740834
879,1.8074233687799033
880,2.874680781540836
881,1.6531210922361776
882,2.6303688436799044
883,1.8331404148705113
884,1.3702335852392555
885,2.077452352731443
886,1.8074233687799033
887,2.6560858897705124
888,2.6946614589064244
889,1.9488671222783251
890,2.3346228136376785
891,1.9102915531424134
892,1.5502529078736678
893,0.5472881103392544
894,3.440455795534602
895,2.5660762284533063
896,2.1288864449127374
897,2.218896106229865
898,2.2317546292751684
899,2.0131597375049233
900,1.1516386934689318
901,1.5631114309189715
902,2.1288864449127374
903,2.360339859728365
904,2.090310875776747
905,1.6274040461454913
906,2.193179060139257
907,3.106134196356464
908,2.4760665671361
909,1.858857460961119
910,2.7075199819517284
911,1.8202818918252073
912,2.8618222584955326
913,1.6274040461454913
914,2.283188721456463
915,0.791600048200186
916,1.7945648457345995
917,0.7273074329736664
918,2.900397827631444
919,0.6758733407923722
920,1.3702335852392555
921,2.3860569058189727
922,1.2416483547861377
923,1.858857460961119
924,2.3474813366829825
925,1.5373943848283638
926,3.221860903764278
927,2.218896106229865
928,2.6560858897705124
929,1.7559892765986092
930,3.7362018255767495
931,2.5660762284533063
932,1.7174137074626974
933,2.3217642905923745
934,1.3573750621939518
935,2.373198382773669
936,3.144709765492376
937,0.9459023247439903
938,1.2416483547861377
939,1.5631114309189715
940,2.0388767835955313
941,2.360339859728365
942,1.8331404148705113
943,2.3217642905923745
944,2.6303688436799044
945,2.064593829686139
946,2.797529643268934
947,2.7460955510877185
948,1.5888284770095795
949,0.1872494650705087
950,2.244613152320551
951,0.9201852786533039
952,2.3089057675470706
953,2.244613152320551
954,2.7203785049971105
955,1.8974330300971094
956,1.9102915531424134
957,1.3702335852392555
958,1.845998937915815
959,2.257471675365855
960,2.218896106229865
961,2.4632080440907966
962,2.938973396767356
963,2.6818029358611204
964,1.974584168368933
965,2.5146421362720908
966,0.9459023247439903
967,1.5502529078736678
968,2.7846711202236305
969,1.9617256453236291
970,0.9330438016986079
971,2.4632080440907966
972,3.106134196356464
973,1.858857460961119
974,2.8361052124049246
975,1.5373943848283638
976,1.9360085992330212
977,1.884574507051727
978,2.0260182605502273
979,3.15756828853768
980,0.8173170942907939
981,1.7302722305080012
982,3.19614385767367
983,1.023053463015814
984,1.1516386934689318
985,2.3989154288642767
986,1.5373943848283638
987,3.6461921642595434
988,2.4374909980001886
989,2.617510320634601
990,2.88753930458614
991,2.0260182605502273
992,1.2416483547861377
993,2.9646904428580423
994,1.5631114309189715
995,0.791600048200186
996,2.141744967958041
997,1.7045551844173934
998,1.42166767742055
999,2.6689444128158164
1000,2.3474813366829825
1001,2.8361052124049246
1002,1.1644972165142358
1003,2.4117739519095807
1004,3.26043647290019
1005,0.9587608477892943
1006,2.3474813366829825
1007,3.247577949854886
1008,2.9904074889486503
1009,3.4018802263986117
1010,1.8074233687799033
1011,-0.005628380609207299
1012,2.3089057675470706
1013,0.5344295872939504
1014,1.3959506313298635
1015,2.5660762284533063
1016,1.2416483547861377
1017,1.9488671222783251
1018,2.617510320634601
1019,1.4731017696017656
1020,1.42166767742055
1021,2.6689444128158164
1022,1.5116773387376774
1023,2.193179060139257
1024,0.6372977716564604
1025,3.4918898877158178
1026,2.4117739519095807
1027,2.810388166314238
1028,2.1288864449127374
1029,2.874680781540836
1030,2.7332370280424145
1031,1.074487555197108
1032,2.9775489659033463
1033,2.154603491003345
1034,0.7787415251548822
1035,1.1387801704236278
1036,3.183285334628288
1037,1.1644972165142358
1038,1.228789831740834
1039,2.270330198411159
1040,2.373198382773669
1041,1.7302722305080012
1042,0.045805711572086946
1043,2.103169398822051
1044,1.7945648457345995
1045,1.5373943848283638
1046,1.5116773387376774
1047,0.3672687877049208
1048,1.01019493997051
1049,1.4088091543751673
1050,0.49585401815803865
1051,2.7589540741330225
1052,3.2990120420361015
1053,2.283188721456463
1054,1.7945648457345995
1055,2.7075199819517284
1056,0.8173170942907939
1057,2.206037583184561
1058,2.0388767835955313
1059,1.8974330300971094
1060,2.7203785049971105
1061,2.296047244501767
1062,1.3959506313298635
1063,1.6274040461454913
1064,1.7045551844173934
1065,0.6887318638376762
1066,2.7718125971783265
1067,2.0517353066408353
1068,1.5759699539642755
1069,2.3217642905923745
1070,1.3702335852392555
1071,1.5502529078736678
1072,0.4058443568408326
1073,2.4246324749548847
1074,2.7846711202236305
1075,2.6560858897705124
1076,1.884574507051727
1077,1.5245358617829814
1078,2.167462014048649
1079,2.0517353066408353
1080,0.9587608477892943
1081,2.810388166314238
1082,3.118992719401768
1083,1.9231500761877172
1084,1.1902142626049221
1085,2.9775489659033463
1086,2.7203785049971105
1087,0.4444199259767444
1088,1.5245358617829814
1089,2.090310875776747
1090,1.6531210922361776
1091,1.11306312433302
1092,1.4859602926470694
1093,1.305940970012736
1094,1.3702335852392555
1095,1.987442691414237
1096,1.858857460961119
1097,1.2416483547861377
1098,2.5660762284533063
1099,1.6916966613720894
1100,2.283188721456463
1101,4.237684224343917
1102,3.209002380718974
1103,1.2673654008767457
1104,2.3860569058189727
1105,2.5917932745439143
1106,1.228789831740834
1107,1.5888284770095795
1108,2.7332370280424145
1109,1.7945648457345995
1110,0.3029761724783226
1111,1.8331404148705113
1112,1.7431307535533052
1113,2.5917932745439143
1114,2.7075199819517284
1115,1.21593130869553
1116,1.42166767742055
1117,2.218896106229865
1118,1.8331404148705113
1119,2.5532177054080023
1120,0.6758733407923722
1121,1.305940970012736
1122,3.440455795534602
1123,1.9102915531424134
1124,1.845998937915815
1125,1.4345262004658539
1126,1.7431307535533052
1127,2.5275006593173948
1128,2.6818029358611204
1129,1.3830921082845595
1130,2.7075199819517284
1131,1.858857460961119
1132,0.70159038688298
1133,0.2515420802971069
1134,1.6916966613720894
1135,2.3860569058189727
1136,1.2673654008767457
1137,3.05470010417517
1138,1.9231500761877172
1139,2.0260182605502273
1140,2.6560858897705124
1141,0.43156140293144046
1142,2.244613152320551
1143,1.305940970012736
1144,1.7045551844173934
1145,2.7846711202236305
1146,1.4602432465564616
1147,2.103169398822051
1148,1.9102915531424134
1149,0.7401659560189704
1150,1.203072785650226
1151,2.283188721456463
1152,2.5275006593173948
1153,1.987442691414237
1154,1.0487705091064217
1155,3.106134196356464
1156,0.45727844902204834
1157,2.167462014048649
1158,0.4187028798861365
1159,1.7302722305080012
1160,1.3445165391486478
1161,1.5502529078736678
1162,1.6788381383267854
1163,2.3217642905923745
1164,1.11306312433302
1165,1.6531210922361776
1166,1.6274040461454913
1167,1.974584168368933
1168,1.5373943848283638
1169,2.090310875776747
1170,2.141744967958041
1171,2.0517353066408353
1172,0.9844778938799021
1173,2.6946614589064244
1174,1.2930824469673534
1175,1.1259216473783238
1176,1.6274040461454913
1177,3.7490603486220535
1178,2.193179060139257
1179,1.1902142626049221
1180,1.5245358617829814
1181,2.797529643268934
1182,1.228789831740834
1183,1.7302722305080012
1184,2.5917932745439143
1185,2.1288864449127374
1186,1.7302722305080012
1187,1.9231500761877172
1188,2.141744967958041
1189,2.283188721456463
1190,1.2673654008767457
1191,1.1259216473783238
1192,2.5532177054080023
1193,2.206037583184561
1194,1.8974330300971094
1195,1.5116773387376774
1196,1.974584168368933
1197,3.0161245350392583
1198,0.2258250342064205
1199,1.9360085992330212
1200,3.19614385767367
1201,3.761918871667357
1202,2.296047244501767
1203,0.8301756173361764
1204,1.4859602926470694
1205,1.5759699539642755
1206,2.604651797589297
1207,2.4246324749548847
1208,1.7045551844173934
1209,2.7718125971783265
1210,0.6887318638376762
1211,3.6847677333955335
1212,1.7817063226892955
1213,1.6916966613720894
1214,1.9360085992330212
1215,1.5116773387376774
1216,0.49585401815803865
1217,2.7332370280424145
1218,1.3316580161033438
1219,1.6531210922361776
1220,1.4731017696017656
1221,-0.7257056711466986
1222,2.938973396767356
1223,2.141744967958041
1224,3.9805137634376813
1225,2.206037583184561
1226,0.80445857124549
1227,2.2317546292751684
1228,1.5502529078736678
1229,2.5017836132267868
1230,2.3989154288642767
1231,1.858857460961119
1232,3.556182502942416
1233,2.617510320634601
1234,2.283188721456463
1235,2.103169398822051
1236,2.167462014048649
1237,2.5789347514986103
1238,1.7431307535533052
1239,2.6818029358611204
1240,2.3474813366829825
1241,1.8331404148705113
1242,2.0517353066408353
1243,3.19614385767367
1244,2.4632080440907966
1245,3.041841581129866
1246,1.858857460961119
1247,3.0804171502658564
1248,1.7431307535533052
1249,1.2802239239220496
1250,2.810388166314238
1251,1.2416483547861377
1252,1.2545068778314417
1253,2.5403591823626988
1254,2.218896106229865
1255,2.5532177054080023
1256,1.987442691414237
1257,1.5759699539642755
1258,2.3989154288642767
1259,3.0161245350392583
1260,2.8361052124049246
1261,2.4117739519095807
1262,2.7203785049971105
1263,2.077452352731443
1264,-0.018486903654511232
1265,1.9102915531424134
1266,1.4345262004658539
1267,1.4345262004658539
1268,1.974584168368933
1269,2.064593829686139
1270,2.5532177054080023
1271,2.0260182605502273
1272,1.7688477996439131
1273,1.1516386934689318
1274,0.997336416925206
1275,0.8816097095173921
1276,2.180320537093953
1277,2.4117739519095807
1278,2.5403591823626988
1279,0.7658830021095783
1280,1.858857460961119
1281,2.3089057675470706
1282,1.845998937915815
1283,0.5344295872939504
1284,3.209002380718974
1285,2.5017836132267868
1286,1.42166767742055
1287,1.7302722305080012
1288,1.1902142626049221
1289,1.6402625691907953
1290,1.3445165391486478
1291,2.9904074889486503
1292,0.9201852786533039
1293,1.9360085992330212
1294,2.167462014048649
1295,1.3316580161033438
1296,2.206037583184561
1297,2.8618222584955326
1298,2.7718125971783265
1299,2.0260182605502273
1300,2.296047244501767
1301,2.373198382773669
1302,2.3217642905923745
1303,2.604651797589297
1304,2.7075199819517284
1305,1.2416483547861377
1306,1.5373943848283638
1307,2.2317546292751684
1308,2.270330198411159
1309,2.5660762284533063
1310,1.7174137074626974
1311,3.0932756733111604
1312,2.373198382773669
1313,1.4602432465564616
1314,2.9904074889486503
1315,1.203072785650226
1316,-0.06992099583572696
1317,1.845998937915815
1318,0.80445857124549
1319,0.6244392486111564
1320,1.5759699539642755
1321,2.3989154288642767
1322,1.5631114309189715
1323,1.4473847235111577
1324,2.0260182605502273
1325,1.4859602926470694
1326,2.296047244501767
1327,1.3959506313298635
1328,2.0388767835955313
1329,1.3830921082845595
1330,1.5631114309189715
1331,2.9646904428580423
1332,0.6372977716564604
1333,0.907326755608
1334,-0.4685352102403844
1335,1.8331404148705113
1336,1.4345262004658539
1337,1.974584168368933
1338,3.851928532984563
1339,3.170426811582984
1340,1.8974330300971094
1341,3.337587611172092
1342,2.5917932745439143
1343,3.0675586272205524
1344,0.7658830021095783
1345,1.4602432465564616
1346,0.3029761724783226
1347,1.5116773387376774
1348,1.9231500761877172
1349,2.180320537093953
1350,1.845998937915815
1351,2.064593829686139
1352,2.064593829686139
1353,3.2990120420361015
1354,2.6432273667252084
1355,2.4632080440907966
1356,1.974584168368933
1357,1.9488671222783251
1358,0.5601466333845583
1359,2.5403591823626988
1360,2.5275006593173948
1361,2.0517353066408353
1362,2.4632080440907966
1363,2.4117739519095807
1364,2.3989154288642767
1365,1.3187994930580398
1366,1.6145455231001873
1367,2.8489637354502286
1368,1.845998937915815
1369,2.488925090181483
1370,0.23868355725180296
1371,3.05470010417517
1372,2.4760665671361
1373,3.4147387494439156
1374,1.0487705091064217
1375,1.3187994930580398
1376,0.9459023247439903
1377,1.7174137074626974
1378,2.488925090181483
1379,1.3316580161033438
1380,3.7490603486220535
1381,2.4246324749548847
1382,2.488925090181483
1383,2.7075199819517284
1384,1.5502529078736678
1385,1.5116773387376774
1386,2.154603491003345
1387,1.871715984006423
1388,0.2258250342064205
1389,1.3830921082845595
1390,1.3187994930580398
1391,1.1773557395595395
1392,3.6719092103502295
1393,1.7045551844173934
1394,1.4988188156923734
1395,0.7401659560189704
1396,1.4345262004658539
1397,1.5759699539642755
1398,1.6788381383267854
1399,2.206037583184561
1400,2.0517353066408353
1401,2.6818029358611204
1402,1.987442691414237
1403,2.193179060139257
1404,1.6016870000548835
1405,2.0003012144595407
1406,2.88753930458614
1407,2.3089057675470706
1408,2.154603491003345
1409,2.244613152320551
1410,0.4701369720673522
1411,2.3346228136376785
1412,3.761918871667357
1413,3.0932756733111604
1414,2.180320537093953
1415,0.6115807255658525
1416,2.0388767835955313
1417,0.6244392486111564
1418,1.6659796152814816
1419,2.874680781540836
1420,1.7559892765986092
1421,3.337587611172092
1422,1.6016870000548835
1423,1.8202818918252073
1424,1.6788381383267854
1425,1.9360085992330212
1426,2.5017836132267868
1427,2.4246324749548847
1428,2.4632080440907966
1429,0.7787415251548822
1430,3.4661728416252098
1431,1.42166767742055
1432,2.218896106229865
1433,0.21296651116111656
1434,0.8558926634267843
1435,0.5472881103392544
1436,2.823246689359542
1437,1.11306312433302
1438,1.7559892765986092
1439,1.42166767742055
1440,1.6659796152814816
1441,2.0131597375049233
1442,1.8331404148705113
1443,1.2802239239220496
1444,2.180320537093953
1445,2.0260182605502273
1446,2.270330198411159
1447,3.2732949959454936
1448,1.974584168368933
1449,2.296047244501767
1450,1.884574507051727
1451,0.5215710642486465
1452,2.167462014048649
1453,1.6402625691907953
1454,1.7302722305080012
1455,3.0932756733111604
1456,1.4859602926470694
1457,3.144709765492376
1458,1.845998937915815
1459,0.5087125412033425
1460,1.7817063226892955
1461,1.845998937915815
1462,2.218896106229865
1463,0.9716193708345982
1464,2.1160279218673548
1465,1.3830921082845595
1466,3.170426811582984
1467,2.5146421362720908
1468,1.8202818918252073
1469,3.337587611172092
1470,1.2673654008767457
1471,2.4374909980001886
1472,2.6818029358611204
1473,1.8974330300971094
1474,0.9587608477892943
1475,1.7688477996439131
1476,1.3445165391486478
1477,2.6946614589064244
1478,2.938973396767356
1479,4.1605330860720935
1480,2.218896106229865
1481,2.8361052124049246
1482,1.035911986061118
1483,2.064593829686139
1484,2.6303688436799044
1485,3.0289830580845623
1486,1.7302722305080012
1487,2.090310875776747
1488,1.9360085992330212
1489,2.1160279218673548
1490,1.5888284770095795
1491,1.023053463015814
1492,1.023053463015814
1493,0.9459023247439903
1494,2.3217642905923745
1495,1.5631114309189715
1496,3.118992719401768
1497,1.7302722305080012
1498,2.3089057675470706
1499,-0.4685352102403844
1500,1.5245358617829814
1501,1.3573750621939518
1502,1.7174137074626974
1503,3.234719426809582
1504,2.7460955510877185
1505,2.154603491003345
1506,2.218896106229865
1507,1.9617256453236291
1508,2.5275006593173948
1509,1.3316580161033438
1510,2.283188721456463
1511,2.4374909980001886
1512,2.1288864449127374
1513,1.0487705091064217
1514,1.42166767742055
1515,2.4117739519095807
1516,1.6016870000548835
1517,1.3316580161033438
1518,1.1644972165142358
1519,1.6016870000548835
1520,1.9360085992330212
1521,1.8974330300971094
1522,1.228789831740834
1523,1.3316580161033438
1524,2.7075199819517284
1525,1.01019493997051
1526,2.4374909980001886
1527,2.064593829686139
1528,2.6946614589064244
1529,0.7144489099283625
1530,0.5858636794751662
1531,2.6818029358611204
1532,1.6916966613720894
1533,0.5858636794751662
1534,1.7559892765986092
1535,0.5730051564298622
1536,2.6432273667252084
1537,3.581899549033024
1538,1.305940970012736
1539,3.0032660119939543
1540,2.180320537093953
1541,1.871715984006423
1542,2.797529643268934
1543,1.8074233687799033
1544,2.7075199819517284
1545,1.4602432465564616
1546,3.2990120420361015
1547,-0.5199693024216786
1548,1.4859602926470694
1549,2.1288864449127374
1550,1.9488671222783251
1551,2.270330198411159
1552,1.2802239239220496
1553,1.7945648457345995
1554,0.5730051564298622
1555,1.3573750621939518
1556,0.08438128070799875
1557,1.6659796152814816
1558,1.7431307535533052
1559,0.2515420802971069
1560,1.5373943848283638
1561,1.5502529078736678
1562,0.80445857124549
1563,1.3316580161033438
1564,0.5087125412033425
1565,0.43156140293144046
1566,1.4088091543751673
1567,0.6244392486111564
1568,0.32869321856893047
1569,0.3415517416142344
1570,1.1773557395595395
1571,2.7332370280424145
1572,1.7174137074626974
1573,1.5373943848283638
1574,2.7332370280424145
1575,1.6145455231001873
1576,1.7945648457345995
1577,2.167462014048649
1578,2.9518319198127383
1579,2.257471675365855
1580,3.0675586272205524
1581,2.167462014048649
1582,2.218896106229865
1583,1.8074233687799033
1584,0.894468232562696
1585,1.3187994930580398
1586,1.9231500761877172
1587,3.440455795534602
1588,0.5858636794751662
1589,3.3633046572626997
1590,1.42166767742055
1591,0.7273074329736664
1592,2.360339859728365
1593,2.5146421362720908
1594,1.1516386934689318
1595,1.845998937915815
1596,2.3989154288642767
1597,2.244613152320551
1598,2.2317546292751684
1599,1.21593130869553
1600,3.337587611172092
1601,1.871715984006423
1602,2.6303688436799044
1603,1.2802239239220496
1604,1.4602432465564616
1605,1.3959506313298635
1606,1.7431307535533052
1607,2.296047244501767
1608,1.9102915531424134
1609,2.6689444128158164
1610,2.270330198411159
1611,3.0161245350392583
1612,2.823246689359542
1613,2.5146421362720908
1614,2.913256350676748
1615,2.3474813366829825
1616,2.167462014048649
1617,1.7817063226892955
1618,1.5502529078736678
1619,0.907326755608
1620,2.5275006593173948
1621,1.1259216473783238
1622,2.206037583184561
1623,3.877645579075171
1624,1.3959506313298635
1625,0.26440060334241083
1626,1.7431307535533052
1627,2.0388767835955313
1628,2.0003012144595407
1629,2.88753930458614
1630,1.5759699539642755
1631,1.7045551844173934
1632,2.823246689359542
1633,1.7174137074626974
1634,2.2317546292751684
1635,1.5759699539642755
1636,1.9488671222783251
1637,1.7559892765986092
1638,2.270330198411159
1639,2.5275006593173948
1640,1.2545068778314417
1641,1.987442691414237
1642,1.2673654008767457
1643,3.4018802263986117
1644,1.6016870000548835
1645,2.6946614589064244
1646,2.4760665671361
1647,2.090310875776747
1648,3.2990120420361015
1649,2.1288864449127374
1650,2.810388166314238
1651,3.440455795534602
1652,0.6887318638376762
1653,0.8430341403814803
1654,3.4790313646705138
1655,2.167462014048649
1656,2.900397827631444
1657,1.0616290321518043
1658,1.7559892765986092
1659,2.206037583184561
1660,1.023053463015814
1661,2.1160279218673548
1662,2.1288864449127374
1663,2.7460955510877185
1664,1.8202818918252073
1665,1.6916966613720894
1666,-0.018486903654511232
1667,2.270330198411159
1668,1.7174137074626974
1669,1.3702335852392555
1670,1.1259216473783238
1671,1.8974330300971094
1672,1.9102915531424134
1673,2.218896106229865
1674,0.32869321856893047
1675,3.106134196356464
1676,1.4731017696017656
1677,1.5245358617829814
1678,2.218896106229865
1679,2.8618222584955326
1680,2.3474813366829825
1681,2.810388166314238
1682,2.077452352731443
1683,0.6501562947017643
1684,1.4988188156923734
1685,-0.0442039497451191
1686,2.0260182605502273
1687,1.4859602926470694
1688,0.7658830021095783
1689,1.884574507051727
1690,1.6531210922361776
1691,2.167462014048649
1692,1.9488671222783251
1693,1.3187994930580398
1694,2.6818029358611204
1695,1.4859602926470694
1696,3.234719426809582
1697,1.8074233687799033
1698,4.1862501321627015
1699,1.6788381383267854
1700,0.5087125412033425
1701,1.7431307535533052
1702,1.3445165391486478
1703,2.6818029358611204
1704,1.4602432465564616
1705,2.090310875776747
1706,-0.13421361106232513
1707,2.167462014048649
1708,2.874680781540836
1709,1.1387801704236278
1710,1.7045551844173934
1711,2.617510320634601
1712,2.1288864449127374
1713,2.244613152320551
1714,1.087346078242412
1715,2.4117739519095807
1716,1.3959506313298635
1717,1.7302722305080012
1718,3.106134196356464
1719,2.913256350676748
1720,2.4374909980001886
1721,1.3702335852392555
1722,2.797529643268934
1723,3.3890217033533077
1724,1.0616290321518043
1725,2.5403591823626988
1726,2.810388166314238
1727,1.228789831740834
1728,2.6946614589064244
1729,3.311870565081484
1730,1.9617256453236291
1731,1.7045551844173934
1732,1.0616290321518043
1733,1.6274040461454913
1734,1.6016870000548835
1735,1.6531210922361776
1736,1.7688477996439131
1737,0.9716193708345982
1738,1.5759699539642755
1739,2.218896106229865
1740,2.0260182605502273
1741,1.8974330300971094
1742,2.5660762284533063
1743,2.3474813366829825
1744,2.810388166314238
1745,2.6432273667252084
1746,1.6788381383267854
1747,2.6946614589064244
1748,1.6402625691907953
1749,2.0517353066408353
1750,2.3346228136376785
1751,1.8202818918252073
1752,1.01019493997051
1753,1.884574507051727
1754,0.8558926634267843
1755,0.8816097095173921
1756,3.56904102598772
1757,2.244613152320551
1758,2.064593829686139
1759,2.7332370280424145
1760,2.180320537093953
1761,1.9488671222783251
1762,1.087346078242412
1763,1.5502529078736678
1764,2.0131597375049233
1765,3.0032660119939543
1766,2.5789347514986103
1767,2.244613152320551
1768,3.247577949854886
1769,1.228789831740834
1770,0.5858636794751662
1771,3.15756828853768
1772,0.29011764943301865
1773,2.5917932745439143
1774,1.884574507051727
1775,2.810388166314238
1776,1.2673654008767457
1777,0.8301756173361764
1778,1.5373943848283638
1779,2.270330198411159
1780,2.7460955510877185
1781,0.5087125412033425
1782,2.810388166314238
1783,1.6916966613720894
1784,1.5759699539642755
1785,1.100204601287716
1786,3.5304654568517293
1787,0.5344295872939504
1788,1.4088091543751673
1789,1.4345262004658539
1790,2.4503495210454926
1791,1.1259216473783238
1792,1.6016870000548835
1793,1.7559892765986092
1794,3.6076165951236314
1795,1.7302722305080012
1796,2.6946614589064244
1797,1.4345262004658539
1798,1.8202818918252073
1799,2.7460955510877185
1800,1.5631114309189715
1801,2.167462014048649
1802,0.23868355725180296
1803,1.1773557395595395
1804,0.997336416925206
1805,3.234719426809582
1806,2.5146421362720908
1807,2.7332370280424145
1808,1.2416483547861377
1809,3.247577949854886
1810,1.1259216473783238
1811,2.141744967958041
1812,1.9231500761877172
1813,3.26043647290019
1814,2.6818029358611204
1815,2.244613152320551
1816,1.074487555197108
1817,-0.4042425950138647
1818,0.9201852786533039
1819,1.9360085992330212
1820,2.6560858897705124
1821,2.3860569058189727
1822,1.3573750621939518
1823,1.6531210922361776
1824,0.3415517416142344
1825,1.3445165391486478
1826,1.21593130869553
1827,1.7431307535533052
1828,0.9844778938799021
1829,3.6461921642595434
1830,1.5245358617829814
1831,1.1644972165142358
1832,0.9459023247439903
1833,1.228789831740834
1834,0.70159038688298
1835,1.7945648457345995
1836,1.2416483547861377
1837,3.144709765492376
1838,2.5146421362720908
1839,2.103169398822051
1840,2.077452352731443
1841,1.228789831740834
1842,1.1644972165142358
1843,2.617510320634601
1844,1.5888284770095795
1845,3.851928532984563
1846,2.3989154288642767
1847,2.6818029358611204
1848,1.6659796152814816
1849,2.488925090181483
1850,1.5116773387376774
1851,1.7817063226892955
1852,2.488925090181483
1853,3.26043647290019
1854,2.0517353066408353
1855,1.4473847235111577
1856,2.3346228136376785
1857,1.7431307535533052
1858,2.283188721456463
1859,2.3474813366829825
1860,1.9617256453236291
1861,3.0932756733111604
1862,0.9201852786533039
1863,3.131851242447072
1864,2.064593829686139
1865,1.7302722305080012
1866,1.5502529078736678
1867,1.3959506313298635
1868,3.131851242447072
1869,2.5789347514986103
1870,1.4473847235111577
1871,1.11306312433302
1872,3.118992719401768
1873,2.7846711202236305
1874,1.3187994930580398
1875,1.7559892765986092
1876,2.8489637354502286
1877,2.244613152320551
1878,2.7203785049971105
1879,2.193179060139257
1880,1.4345262004658539
1881,0.6887318638376762
1882,2.3089057675470706
1883,1.845998937915815
1884,0.791600048200186
1885,1.3316580161033438
1886,2.8361052124049246
1887,0.23868355725180296
1888,3.0804171502658564
1889,1.6145455231001873
1890,3.0932756733111604
1891,2.206037583184561
1892,2.4760665671361
1893,1.6274040461454913
1894,1.845998937915815
1895,1.035911986061118
1896,1.3445165391486478
1897,3.144709765492376
1898,2.9518319198127383
1899,1.884574507051727
1900,0.7787415251548822
1901,1.1516386934689318
1902,2.090310875776747
1903,1.4345262004658539
1904,2.5532177054080023
1905,1.9231500761877172
1906,2.9646904428580423
1907,0.997336416925206
1908,0.8558926634267843
1909,1.7174137074626974
1910,1.4988188156923734
1911,2.6303688436799044
1912,1.5116773387376774
1913,2.257471675365855
1914,1.6402625691907953
1915,2.4632080440907966
1916,2.167462014048649
1917,2.180320537093953
1918,1.871715984006423
1919,1.3830921082845595
1920,0.8430341403814803
1921,2.244613152320551
1922,1.3830921082845595
1923,1.4473847235111577
1924,2.617510320634601
1925,1.6659796152814816
1926,3.877645579075171
1927,2.7589540741330225
1928,3.543323979897112
1929,1.1516386934689318
1930,2.4117739519095807
1931,2.3989154288642767
1932,2.0388767835955313
1933,3.0804171502658564
1934,2.5660762284533063
1935,1.7302722305080012
1936,2.7460955510877185
1937,2.283188721456463
1938,2.206037583184561
1939,0.8301756173361764
1940,1.871715984006423
1941,2.823246689359542
1942,2.0003012144595407
1943,1.8074233687799033
1944,1.7045551844173934
1945,1.1387801704236278
1946,2.0003012144595407
1947,1.5631114309189715
1948,2.4246324749548847
1949,2.5917932745439143
1950,1.2416483547861377
1951,2.4632080440907966
1952,2.6303688436799044
1953,-0.06992099583572696
1954,2.5403591823626988
1955,2.270330198411159
1956,1.987442691414237
1957,2.0131597375049233
1958,2.218896106229865
1959,2.4374909980001886
1960,1.6274040461454913
1961,0.907326755608
1962,2.218896106229865
1963,2.296047244501767
1964,3.4018802263986117
1965,1.1773557395595395
1966,1.5888284770095795
1967,2.7460955510877185
1968,1.3702335852392555
1969,1.7817063226892955
1970,2.103169398822051
1971,1.6531210922361776
1972,1.6659796152814816
1973,3.8133529638486516
1974,1.6659796152814816
1975,2.9904074889486503
1976,2.154603491003345
1977,2.206037583184561
1978,2.6303688436799044
1979,1.9231500761877172
1980,3.761918871667357
1981,2.4760665671361
1982,1.3959506313298635
1983,2.874680781540836
1984,2.206037583184561
1985,1.6788381383267854
1986,2.6689444128158164
1987,0.6630148177470683
1988,3.890504102120475
1989,1.203072785650226
1990,2.4117739519095807
1991,2.4117739519095807
1992,1.228789831740834
1993,1.8974330300971094
1994,2.2317546292751684
1995,2.193179060139257
1996,0.8687511864720882
1997,1.0487705091064217
1998,1.7431307535533052
1999,1.871715984006423
