,0
0,1.0591344290763294
1,2.1517306306198605
2,3.1293167056851323
3,1.1741445555545884
4,0.5990939231632932
5,1.8354527828046305
6,0.8866192393589408
7,0.1678059488697692
8,2.094225567380731
9,2.352998351956831
10,1.4904224033698183
11,1.9792154409024718
12,1.8067002511850483
13,1.3466597452720122
14,1.1166394923154588
15,1.8354527828046305
16,0.9153717709785232
17,1.4041648085111416
18,1.2028970871741707
19,1.4616698717502712
20,1.4904224033698183
21,1.6629375930872419
22,0.4840837966849991
23,1.2604021504133003
24,1.2604021504133003
25,0.1678059488697692
26,0.8578667077393585
27,1.2891546820328825
28,0.7716091128806818
29,1.4041648085111416
30,1.6054325298481125
31,1.9792154409024718
32,0.7716091128806818
33,0.7141040496415523
34,1.7204426563263715
35,0.4265787334458696
36,0.4840837966849991
37,-0.11971936732587839
38,2.2379882254785723
39,2.0654730357611486
40,0.9728768342176527
41,0.9728768342176527
42,1.8354527828046305
43,-0.09096683570629607
44,1.2891546820328825
45,2.4967610100546724
46,1.2316496187937531
47,1.5766799982285302
48,1.8067002511850483
49,1.3466597452720122
50,0.8866192393589408
51,0.5415888599241286
52,1.0303818974567822
53,1.8067002511850483
54,1.1166394923154588
55,0.8866192393589408
56,1.7204426563263715
57,2.7842863262503204
58,2.410503415195961
59,-0.03346177246716655
60,2.180483162239443
61,0.7141040496415523
62,1.4329173401306887
63,2.6980287313916085
64,1.5766799982285302
65,1.8642053144242128
66,0.3690736702067401
67,2.2379882254785723
68,1.5191749349894006
69,3.215574300543809
70,1.8067002511850483
71,1.4329173401306887
72,1.2604021504133003
73,1.2028970871741707
74,0.8578667077393585
75,1.6341850614676596
76,1.2604021504133003
77,1.9217103776633424
78,2.352998351956831
79,2.8130388578699024
80,0.8291141761198113
81,1.6341850614676596
82,2.755533794630738
83,1.6916901247067893
84,2.094225567380731
85,2.4967610100546724
86,1.9792154409024718
87,0.7716091128806818
88,0.8291141761198113
89,0.9728768342176527
90,2.6980287313916085
91,1.1453920239350412
92,1.6629375930872419
93,1.1166394923154588
94,1.8067002511850483
95,0.4840837966849991
96,1.6916901247067893
97,1.1453920239350412
98,2.640523668152479
99,2.2379882254785723
100,1.4041648085111416
101,-0.1772244305650079
102,1.4041648085111416
103,-0.2347294938041374
104,2.7267812630111905
105,0.7141040496415523
106,1.9504629092828896
107,1.2316496187937531
108,3.215574300543809
109,0.800361644500229
110,2.1517306306198605
111,3.8193774645547216
112,1.4904224033698183
113,1.8354527828046305
114,0.9728768342176527
115,2.2379882254785723
116,1.4329173401306887
117,1.1453920239350412
118,0.8291141761198113
119,2.2667407570981193
120,0.5128363283045814
121,0.3403211385871929
122,1.3179072136524297
123,1.3179072136524297
124,2.20923569385899
125,1.9504629092828896
126,1.2891546820328825
127,2.439255946815508
128,1.4616698717502712
129,2.036720504141601
130,0.8578667077393585
131,1.2891546820328825
132,1.2028970871741707
133,-0.09096683570629607
134,-0.26348202542371973
135,2.20923569385899
136,1.0878869606959116
137,1.5479274666089828
138,1.4041648085111416
139,2.122978099000278
140,0.7716091128806818
141,1.6341850614676596
142,1.7491951879459187
143,1.4616698717502712
144,1.0016293658372
145,2.640523668152479
146,0.4553312650654519
147,0.7428565812610994
148,2.2954932887177018
149,-0.4359972151411083
150,1.5766799982285302
151,1.89295784604376
152,2.352998351956831
153,1.5191749349894006
154,2.2954932887177018
155,1.9504629092828896
156,1.1741445555545884
157,0.22531101210889873
158,1.4904224033698183
159,0.3403211385871929
160,1.0303818974567822
161,1.2028970871741707
162,2.8705439211090322
163,0.8578667077393585
164,-0.1484718989454607
165,2.036720504141601
166,2.3817508835763785
167,0.7716091128806818
168,0.7141040496415523
169,2.036720504141601
170,2.007967972522019
171,0.9728768342176527
172,0.5128363283045814
173,1.2891546820328825
174,0.3978262018263224
175,1.8354527828046305
176,0.22531101210889873
177,2.2667407570981193
178,2.755533794630738
179,2.007967972522019
180,2.8705439211090322
181,0.7716091128806818
182,2.094225567380731
183,0.8578667077393585
184,1.9504629092828896
185,0.7428565812610994
186,0.5703413915437109
187,1.0591344290763294
188,1.9217103776633424
189,0.9728768342176527
190,2.640523668152479
191,2.6117711365329317
192,2.036720504141601
193,1.3754122768915593
194,1.0016293658372
195,1.2028970871741707
196,-0.26348202542371973
197,2.4967610100546724
198,0.5990939231632932
199,1.0878869606959116
200,1.0878869606959116
201,1.3466597452720122
202,1.5191749349894006
203,3.301831895402521
204,1.0303818974567822
205,1.6916901247067893
206,0.28281607534806336
207,1.0303818974567822
208,-0.29223455704326695
209,2.122978099000278
210,0.800361644500229
211,1.2891546820328825
212,0.052795822391510164
213,2.20923569385899
214,0.7716091128806818
215,1.9217103776633424
216,2.352998351956831
217,2.3817508835763785
218,1.3754122768915593
219,2.8130388578699024
220,1.2028970871741707
221,1.2891546820328825
222,1.0303818974567822
223,2.036720504141601
224,2.122978099000278
225,1.4616698717502712
226,0.9441243025980703
227,2.20923569385899
228,0.139053417250222
229,2.2379882254785723
230,0.7141040496415523
231,2.352998351956831
232,1.4616698717502712
233,2.640523668152479
234,1.0591344290763294
235,1.4329173401306887
236,1.777947719565501
237,1.4041648085111416
238,1.1453920239350412
239,1.2891546820328825
240,0.6853515180219699
241,1.1453920239350412
242,1.5479274666089828
243,0.9153717709785232
244,1.7204426563263715
245,1.4041648085111416
246,0.4265787334458696
247,2.180483162239443
248,-0.5222548099998201
249,1.4616698717502712
250,-0.09096683570629607
251,1.1741445555545884
252,1.9792154409024718
253,0.9441243025980703
254,1.2604021504133003
255,1.5479274666089828
256,1.3754122768915593
257,1.4616698717502712
258,1.0303818974567822
259,1.8642053144242128
260,0.3403211385871929
261,1.9217103776633424
262,1.0591344290763294
263,1.0591344290763294
264,0.8578667077393585
265,0.5128363283045814
266,1.9792154409024718
267,1.3179072136524297
268,0.4840837966849991
269,0.9728768342176527
270,1.0878869606959116
271,1.0878869606959116
272,0.3403211385871929
273,1.4329173401306887
274,1.2604021504133003
275,3.3305844270220684
276,1.1453920239350412
277,0.5703413915437109
278,0.800361644500229
279,0.5703413915437109
280,0.3690736702067401
281,-0.00470924084761935
282,1.4041648085111416
283,1.4041648085111416
284,0.7428565812610994
285,1.3466597452720122
286,1.6054325298481125
287,3.5893572115981685
288,1.0303818974567822
289,1.0303818974567822
290,0.8291141761198113
291,1.7204426563263715
292,2.3817508835763785
293,0.5703413915437109
294,1.1741445555545884
295,2.1517306306198605
296,1.8354527828046305
297,2.8417913894894498
298,2.439255946815508
299,2.669276199772061
300,0.6278464547828404
301,1.2316496187937531
302,1.1453920239350412
303,1.8067002511850483
304,1.6054325298481125
305,1.2891546820328825
306,1.2028970871741707
307,0.800361644500229
308,1.0303818974567822
309,1.2028970871741707
310,1.4329173401306887
311,1.4904224033698183
312,1.8354527828046305
313,1.5766799982285302
314,2.640523668152479
315,1.9792154409024718
316,1.9792154409024718
317,1.8067002511850483
318,1.2316496187937531
319,1.6629375930872419
320,1.2604021504133003
321,1.2316496187937531
322,0.5990939231632932
323,0.052795822391510164
324,1.2604021504133003
325,0.7141040496415523
326,0.9153717709785232
327,1.9217103776633424
328,1.1166394923154588
329,1.9217103776633424
330,1.3179072136524297
331,1.6341850614676596
332,1.5191749349894006
333,1.0016293658372
334,0.7141040496415523
335,0.4840837966849991
336,0.4553312650654519
337,0.5703413915437109
338,3.41684202188078
339,1.6916901247067893
340,0.5128363283045814
341,2.2667407570981193
342,1.4904224033698183
343,2.122978099000278
344,0.22531101210889873
345,1.9504629092828896
346,2.4680084784350904
347,1.4616698717502712
348,0.9153717709785232
349,1.2028970871741707
350,1.0878869606959116
351,2.0654730357611486
352,0.7141040496415523
353,1.9217103776633424
354,1.0878869606959116
355,1.7204426563263715
356,-0.32098708866284925
357,1.5766799982285302
358,2.640523668152479
359,0.5990939231632932
360,1.777947719565501
361,1.6916901247067893
362,1.1741445555545884
363,0.3403211385871929
364,2.4680084784350904
365,2.3817508835763785
366,1.2316496187937531
367,2.2379882254785723
368,0.3115686069676106
369,2.7267812630111905
370,0.5128363283045814
371,1.1166394923154588
372,0.6853515180219699
373,1.4616698717502712
374,2.036720504141601
375,1.6629375930872419
376,2.8705439211090322
377,0.9441243025980703
378,2.007967972522019
379,0.800361644500229
380,2.439255946815508
381,0.5990939231632932
382,2.3817508835763785
383,1.1741445555545884
384,1.2891546820328825
385,1.2028970871741707
386,0.9153717709785232
387,0.8866192393589408
388,1.6054325298481125
389,0.8291141761198113
390,1.4904224033698183
391,0.4840837966849991
392,1.3179072136524297
393,-0.407244683521526
394,0.22531101210889873
395,1.2028970871741707
396,1.1453920239350412
397,1.7204426563263715
398,0.3978262018263224
399,1.4329173401306887
400,1.8067002511850483
401,2.2954932887177018
402,0.3978262018263224
403,2.007967972522019
404,2.1517306306198605
405,2.007967972522019
406,-0.37849215190197877
407,0.024043290771962964
408,0.5703413915437109
409,0.5128363283045814
410,1.4616698717502712
411,1.2604021504133003
412,1.7204426563263715
413,1.1453920239350412
414,0.1678059488697692
415,0.5128363283045814
416,1.8354527828046305
417,0.5703413915437109
418,0.9441243025980703
419,2.2379882254785723
420,1.2604021504133003
421,1.0878869606959116
422,1.8642053144242128
423,1.8354527828046305
424,2.007967972522019
425,1.6341850614676596
426,0.5990939231632932
427,1.0303818974567822
428,2.755533794630738
429,1.0303818974567822
430,1.6341850614676596
431,1.3754122768915593
432,0.1965584804893515
433,2.4967610100546724
434,1.5766799982285302
435,0.7716091128806818
436,0.6565989864024228
437,2.180483162239443
438,1.0591344290763294
439,0.6853515180219699
440,0.5415888599241286
441,2.324245820337249
442,1.0878869606959116
443,0.11030088563063968
444,1.2028970871741707
445,1.1453920239350412
446,2.324245820337249
447,0.139053417250222
448,0.7428565812610994
449,2.036720504141601
450,1.9217103776633424
451,0.9728768342176527
452,0.7428565812610994
453,1.2891546820328825
454,0.9153717709785232
455,1.8354527828046305
456,0.8578667077393585
457,1.4041648085111416
458,0.800361644500229
459,1.9217103776633424
460,0.800361644500229
461,2.036720504141601
462,2.3817508835763785
463,1.0591344290763294
464,1.4329173401306887
465,0.8578667077393585
466,1.6054325298481125
467,0.800361644500229
468,1.0016293658372
469,2.8705439211090322
470,1.5191749349894006
471,1.2028970871741707
472,1.777947719565501
473,1.0303818974567822
474,1.0878869606959116
475,1.2028970871741707
476,2.094225567380731
477,1.8067002511850483
478,1.2316496187937531
479,0.9728768342176527
480,0.8578667077393585
481,0.5990939231632932
482,1.0591344290763294
483,2.5542660732938023
484,0.5128363283045814
485,2.0654730357611486
486,2.036720504141601
487,1.7491951879459187
488,2.122978099000278
489,2.20923569385899
490,1.7491951879459187
491,0.800361644500229
492,-0.7522750629563382
493,1.2891546820328825
494,1.7491951879459187
495,3.301831895402521
496,0.4840837966849991
497,0.5415888599241286
498,1.0878869606959116
499,0.9153717709785232
500,3.2443268321633916
501,1.9792154409024718
502,2.122978099000278
503,1.4041648085111416
504,2.3817508835763785
505,1.0016293658372
506,2.439255946815508
507,1.5479274666089828
508,3.0143065792068384
509,2.2379882254785723
510,1.4904224033698183
511,1.4616698717502712
512,1.4041648085111416
513,0.4840837966849991
514,3.0430591108264204
515,0.7141040496415523
516,0.1678059488697692
517,2.036720504141601
518,1.9792154409024718
519,1.9217103776633424
520,1.0878869606959116
521,2.669276199772061
522,0.6565989864024228
523,0.6853515180219699
524,1.6054325298481125
525,1.7204426563263715
526,1.4041648085111416
527,0.3690736702067401
528,0.7716091128806818
529,0.5990939231632932
530,2.5830186049133492
531,1.5479274666089828
532,-0.5510073416193673
533,2.5830186049133492
534,2.9280489843481616
535,-0.7522750629563382
536,1.5479274666089828
537,1.1741445555545884
538,2.669276199772061
539,1.2891546820328825
540,1.0303818974567822
541,0.25406354372848106
542,1.0303818974567822
543,2.094225567380731
544,2.036720504141601
545,1.0016293658372
546,-0.4359972151411083
547,2.122978099000278
548,1.5191749349894006
549,1.5766799982285302
550,1.8354527828046305
551,1.1741445555545884
552,0.9441243025980703
553,0.7141040496415523
554,2.7842863262503204
555,1.2316496187937531
556,3.646862274837298
557,2.2667407570981193
558,-0.2347294938041374
559,1.777947719565501
560,1.6629375930872419
561,1.6916901247067893
562,2.9280489843481616
563,0.800361644500229
564,1.2891546820328825
565,0.4265787334458696
566,1.4041648085111416
567,1.0303818974567822
568,1.7491951879459187
569,0.8291141761198113
570,1.3466597452720122
571,1.0878869606959116
572,1.6341850614676596
573,2.1517306306198605
574,2.1517306306198605
575,0.7428565812610994
576,0.7141040496415523
577,1.4329173401306887
578,1.0878869606959116
579,0.9728768342176527
580,1.3179072136524297
581,0.4840837966849991
582,0.22531101210889873
583,1.9217103776633424
584,0.024043290771962964
585,1.1741445555545884
586,1.2604021504133003
587,2.9568015159677086
588,-0.06221430408674886
589,0.6853515180219699
590,1.7204426563263715
591,1.6916901247067893
592,0.5990939231632932
593,1.3179072136524297
594,1.4904224033698183
595,1.9217103776633424
596,2.036720504141601
597,2.410503415195961
598,1.0016293658372
599,0.7141040496415523
600,0.9728768342176527
601,2.0654730357611486
602,1.0591344290763294
603,2.20923569385899
604,1.9792154409024718
605,0.7716091128806818
606,0.8578667077393585
607,1.1453920239350412
608,1.3466597452720122
609,-0.37849215190197877
610,0.7141040496415523
611,-1.068552910771568
612,1.4329173401306887
613,1.6916901247067893
614,1.5766799982285302
615,2.094225567380731
616,1.4329173401306887
617,2.352998351956831
618,1.2891546820328825
619,1.7204426563263715
620,2.007967972522019
621,0.3403211385871929
622,1.8354527828046305
623,2.007967972522019
624,2.7842863262503204
625,1.2891546820328825
626,1.1741445555545884
627,2.1517306306198605
628,1.7204426563263715
629,-0.32098708866284925
630,1.2316496187937531
631,1.3179072136524297
632,1.5766799982285302
633,1.1741445555545884
634,1.8354527828046305
635,0.3115686069676106
636,2.036720504141601
637,1.0878869606959116
638,2.9280489843481616
639,2.410503415195961
640,1.6916901247067893
641,0.9153717709785232
642,2.2667407570981193
643,1.9217103776633424
644,1.9504629092828896
645,1.2891546820328825
646,1.1453920239350412
647,1.0591344290763294
648,1.4041648085111416
649,0.1965584804893515
650,1.3466597452720122
651,1.5191749349894006
652,2.5542660732938023
653,2.5542660732938023
654,1.1453920239350412
655,0.7716091128806818
656,1.4329173401306887
657,0.7716091128806818
658,1.89295784604376
659,1.1166394923154588
660,2.3817508835763785
661,1.5191749349894006
662,2.352998351956831
663,2.007967972522019
664,1.0591344290763294
665,1.4904224033698183
666,0.052795822391510164
667,1.4904224033698183
668,0.11030088563063968
669,1.5766799982285302
670,1.3179072136524297
671,1.8354527828046305
672,1.0016293658372
673,2.5542660732938023
674,3.3593369586416504
675,2.122978099000278
676,2.755533794630738
677,1.7491951879459187
678,0.7428565812610994
679,0.3690736702067401
680,0.8291141761198113
681,2.52551354167422
682,1.0016293658372
683,1.2891546820328825
684,1.5479274666089828
685,1.3754122768915593
686,2.985554047587291
687,0.9728768342176527
688,0.139053417250222
689,1.6054325298481125
690,0.8866192393589408
691,0.9153717709785232
692,1.2604021504133003
693,1.9217103776633424
694,1.2316496187937531
695,3.963140122652528
696,1.4616698717502712
697,1.3466597452720122
698,1.0016293658372
699,-0.20597696218459022
700,0.3690736702067401
701,1.2891546820328825
702,0.8291141761198113
703,1.5766799982285302
704,1.3754122768915593
705,1.3466597452720122
706,1.3754122768915593
707,1.6629375930872419
708,1.2604021504133003
709,1.2891546820328825
710,0.5415888599241286
711,1.9792154409024718
712,2.4680084784350904
713,1.8642053144242128
714,2.9280489843481616
715,0.3690736702067401
716,1.6341850614676596
717,1.9792154409024718
718,2.094225567380731
719,0.9728768342176527
720,0.800361644500229
721,0.5703413915437109
722,-0.20597696218459022
723,2.20923569385899
724,1.8067002511850483
725,1.6916901247067893
726,1.4041648085111416
727,0.800361644500229
728,1.0591344290763294
729,1.0303818974567822
730,0.1678059488697692
731,0.4553312650654519
732,2.007967972522019
733,1.0016293658372
734,1.6916901247067893
735,1.89295784604376
736,2.4680084784350904
737,1.4616698717502712
738,3.7331198696960097
739,-1.0973054423911504
740,1.6054325298481125
741,1.5191749349894006
742,1.6629375930872419
743,2.2379882254785723
744,0.9728768342176527
745,0.8866192393589408
746,1.5191749349894006
747,1.9792154409024718
748,2.0654730357611486
749,1.5191749349894006
750,2.8705439211090322
751,2.6980287313916085
752,1.1741445555545884
753,1.2316496187937531
754,2.4680084784350904
755,-0.09096683570629607
756,0.1965584804893515
757,1.5479274666089828
758,0.6853515180219699
759,0.22531101210889873
760,-0.06221430408674886
761,0.6278464547828404
762,0.052795822391510164
763,0.6853515180219699
764,0.8291141761198113
765,1.2604021504133003
766,1.9792154409024718
767,2.4680084784350904
768,1.6629375930872419
769,1.2316496187937531
770,0.8578667077393585
771,0.3978262018263224
772,0.4265787334458696
773,1.4329173401306887
774,0.1678059488697692
775,1.5479274666089828
776,1.8642053144242128
777,1.7204426563263715
778,0.28281607534806336
779,-0.32098708866284925
780,1.89295784604376
781,2.2954932887177018
782,0.8291141761198113
783,2.122978099000278
784,0.5703413915437109
785,0.4265787334458696
786,2.2667407570981193
787,0.4553312650654519
788,2.8417913894894498
789,0.7141040496415523
790,1.89295784604376
791,2.439255946815508
792,1.8354527828046305
793,1.4041648085111416
794,1.2316496187937531
795,2.20923569385899
796,0.5703413915437109
797,1.4329173401306887
798,0.8291141761198113
799,1.5766799982285302
800,1.3466597452720122
801,0.08154835401109248
802,1.8354527828046305
803,1.5191749349894006
804,0.9153717709785232
805,1.2028970871741707
806,0.11030088563063968
807,1.6054325298481125
808,0.6565989864024228
809,0.4265787334458696
810,1.4904224033698183
811,0.9153717709785232
812,1.1453920239350412
813,0.5415888599241286
814,-0.1772244305650079
815,2.094225567380731
816,0.7716091128806818
817,1.6916901247067893
818,2.20923569385899
819,1.5479274666089828
820,2.0654730357611486
821,2.007967972522019
822,2.122978099000278
823,2.0654730357611486
824,0.3403211385871929
825,1.89295784604376
826,3.3305844270220684
827,1.1166394923154588
828,2.007967972522019
829,0.3978262018263224
830,1.6629375930872419
831,1.4616698717502712
832,2.094225567380731
833,1.5191749349894006
834,1.3179072136524297
835,0.6853515180219699
836,3.2443268321633916
837,1.4329173401306887
838,1.3179072136524297
839,1.6054325298481125
840,1.2891546820328825
841,1.0016293658372
842,1.6629375930872419
843,1.4329173401306887
844,2.180483162239443
845,1.9217103776633424
846,1.89295784604376
847,0.3690736702067401
848,0.7428565812610994
849,0.9728768342176527
850,1.8354527828046305
851,1.89295784604376
852,1.2891546820328825
853,2.007967972522019
854,2.122978099000278
855,-0.83853265781505
856,2.2667407570981193
857,1.1166394923154588
858,0.5128363283045814
859,-0.20597696218459022
860,0.25406354372848106
861,0.4840837966849991
862,1.0016293658372
863,1.7204426563263715
864,1.7491951879459187
865,1.0591344290763294
866,-0.09096683570629607
867,1.5191749349894006
868,1.6054325298481125
869,1.5191749349894006
870,1.9792154409024718
871,1.4041648085111416
872,1.89295784604376
873,2.9568015159677086
874,1.3754122768915593
875,1.5766799982285302
876,1.3754122768915593
877,0.800361644500229
878,0.1678059488697692
879,0.7141040496415523
880,1.89295784604376
881,2.9280489843481616
882,1.2891546820328825
883,1.2316496187937531
884,1.7204426563263715
885,0.5415888599241286
886,0.8578667077393585
887,0.9441243025980703
888,-0.03346177246716655
889,2.122978099000278
890,1.8642053144242128
891,2.122978099000278
892,1.6054325298481125
893,0.08154835401109248
894,1.8354527828046305
895,0.8866192393589408
896,1.4041648085111416
897,0.7716091128806818
898,1.1741445555545884
899,1.6341850614676596
900,1.0303818974567822
901,1.2891546820328825
902,1.2316496187937531
903,-0.29223455704326695
904,1.4329173401306887
905,1.2604021504133003
906,0.4840837966849991
907,1.8067002511850483
908,0.9153717709785232
909,1.4616698717502712
910,1.7491951879459187
911,2.2667407570981193
912,1.8067002511850483
913,1.3466597452720122
914,0.25406354372848106
915,1.2891546820328825
916,-0.20597696218459022
917,1.0591344290763294
918,2.094225567380731
919,1.777947719565501
920,0.7716091128806818
921,3.1293167056851323
922,1.4904224033698183
923,1.0016293658372
924,3.1293167056851323
925,2.007967972522019
926,0.4840837966849991
927,1.9217103776633424
928,0.9153717709785232
929,1.7204426563263715
930,0.800361644500229
931,1.0016293658372
932,0.9728768342176527
933,1.2604021504133003
934,1.6341850614676596
935,2.2667407570981193
936,1.8354527828046305
937,1.4904224033698183
938,0.4840837966849991
939,0.7716091128806818
940,1.5191749349894006
941,1.6341850614676596
942,1.1166394923154588
943,0.139053417250222
944,2.0654730357611486
945,0.8578667077393585
946,1.0591344290763294
947,2.2379882254785723
948,2.2379882254785723
949,1.2316496187937531
950,1.2891546820328825
951,3.1868217689242617
952,1.0016293658372
953,0.22531101210889873
954,1.8067002511850483
955,1.1453920239350412
956,1.3754122768915593
957,2.2667407570981193
958,2.094225567380731
959,2.439255946815508
960,0.6565989864024228
961,2.5542660732938023
962,2.439255946815508
963,2.2667407570981193
964,0.9153717709785232
965,1.0303818974567822
966,1.0878869606959116
967,1.6054325298481125
968,1.8354527828046305
969,1.3179072136524297
970,2.669276199772061
971,1.9792154409024718
972,1.8354527828046305
973,2.20923569385899
974,1.0303818974567822
975,0.4840837966849991
976,1.89295784604376
977,1.3754122768915593
978,2.007967972522019
979,1.8354527828046305
980,1.9217103776633424
981,2.036720504141601
982,0.7428565812610994
983,0.7141040496415523
984,1.4904224033698183
985,1.5766799982285302
986,2.439255946815508
987,0.4265787334458696
988,2.094225567380731
989,2.094225567380731
990,2.094225567380731
991,1.9792154409024718
992,1.4904224033698183
993,0.9153717709785232
994,-0.00470924084761935
995,1.0303818974567822
996,2.007967972522019
997,1.4904224033698183
998,1.4904224033698183
999,2.20923569385899
1000,0.7716091128806818
1001,1.5479274666089828
1002,0.9153717709785232
1003,1.1741445555545884
1004,0.139053417250222
1005,0.5990939231632932
1006,1.2604021504133003
1007,2.2379882254785723
1008,0.9441243025980703
1009,1.0591344290763294
1010,0.6853515180219699
1011,1.8067002511850483
1012,2.036720504141601
1013,1.3754122768915593
1014,0.7716091128806818
1015,1.6629375930872419
1016,1.9217103776633424
1017,0.8866192393589408
1018,0.6278464547828404
1019,0.7428565812610994
1020,1.4904224033698183
1021,1.7491951879459187
1022,1.2316496187937531
1023,1.6629375930872419
1024,1.7491951879459187
1025,-0.32098708866284925
1026,1.777947719565501
1027,0.5703413915437109
1028,2.52551354167422
1029,1.3179072136524297
1030,0.052795822391510164
1031,3.0430591108264204
1032,2.6980287313916085
1033,1.7204426563263715
1034,0.3978262018263224
1035,0.6565989864024228
1036,1.7204426563263715
1037,1.9217103776633424
1038,-0.5510073416193673
1039,0.4553312650654519
1040,0.5415888599241286
1041,0.800361644500229
1042,1.6916901247067893
1043,1.777947719565501
1044,0.052795822391510164
1045,1.3179072136524297
1046,0.3115686069676106
1047,1.5191749349894006
1048,2.122978099000278
1049,1.3466597452720122
1050,1.1741445555545884
1051,0.8291141761198113
1052,1.6341850614676596
1053,0.25406354372848106
1054,1.0591344290763294
1055,0.052795822391510164
1056,0.9153717709785232
1057,0.6853515180219699
1058,0.9441243025980703
1059,1.6341850614676596
1060,0.8291141761198113
1061,-0.5510073416193673
1062,0.5990939231632932
1063,2.180483162239443
1064,2.3817508835763785
1065,0.8291141761198113
1066,1.5191749349894006
1067,1.3754122768915593
1068,0.6853515180219699
1069,-0.06221430408674886
1070,1.6054325298481125
1071,1.0016293658372
1072,0.9728768342176527
1073,0.052795822391510164
1074,1.9792154409024718
1075,0.6853515180219699
1076,0.4265787334458696
1077,0.6565989864024228
1078,0.4840837966849991
1079,2.20923569385899
1080,1.6054325298481125
1081,1.89295784604376
1082,2.0654730357611486
1083,1.5766799982285302
1084,1.3754122768915593
1085,1.5479274666089828
1086,1.4904224033698183
1087,1.89295784604376
1088,1.5479274666089828
1089,1.2316496187937531
1090,2.20923569385899
1091,2.2954932887177018
1092,1.1453920239350412
1093,1.0878869606959116
1094,1.89295784604376
1095,-0.1484718989454607
1096,1.7491951879459187
1097,0.8578667077393585
1098,1.2028970871741707
1099,1.777947719565501
1100,1.6916901247067893
1101,2.8705439211090322
1102,1.6054325298481125
1103,2.2667407570981193
1104,0.4553312650654519
1105,1.6341850614676596
1106,1.2891546820328825
1107,2.3817508835763785
1108,0.4265787334458696
1109,1.2891546820328825
1110,1.2316496187937531
1111,2.122978099000278
1112,1.1166394923154588
1113,0.3403211385871929
1114,2.007967972522019
1115,0.4265787334458696
1116,-0.20597696218459022
1117,1.9792154409024718
1118,0.7141040496415523
1119,2.8705439211090322
1120,1.2604021504133003
1121,1.4329173401306887
1122,2.007967972522019
1123,1.89295784604376
1124,1.4041648085111416
1125,0.3978262018263224
1126,2.985554047587291
1127,1.6054325298481125
1128,2.122978099000278
1129,0.5128363283045814
1130,2.007967972522019
1131,1.0591344290763294
1132,1.2316496187937531
1133,0.7428565812610994
1134,-0.03346177246716655
1135,2.410503415195961
1136,2.2667407570981193
1137,3.5030996167394917
1138,1.1166394923154588
1139,1.2028970871741707
1140,1.2604021504133003
1141,1.0303818974567822
1142,1.2891546820328825
1143,1.5191749349894006
1144,-0.2347294938041374
1145,1.89295784604376
1146,2.1517306306198605
1147,0.08154835401109248
1148,2.036720504141601
1149,-0.29223455704326695
1150,1.3179072136524297
1151,1.9217103776633424
1152,1.4041648085111416
1153,1.9792154409024718
1154,2.180483162239443
1155,1.7491951879459187
1156,1.2604021504133003
1157,2.036720504141601
1158,0.7141040496415523
1159,2.0654730357611486
1160,2.180483162239443
1161,1.1453920239350412
1162,1.6054325298481125
1163,1.6054325298481125
1164,0.5128363283045814
1165,1.8067002511850483
1166,1.4616698717502712
1167,1.3466597452720122
1168,1.4904224033698183
1169,1.1166394923154588
1170,1.2028970871741707
1171,-0.26348202542371973
1172,0.3690736702067401
1173,-0.11971936732587839
1174,-0.4359972151411083
1175,2.122978099000278
1176,0.9728768342176527
1177,2.0654730357611486
1178,2.439255946815508
1179,1.1741445555545884
1180,1.0878869606959116
1181,0.4553312650654519
1182,2.410503415195961
1183,1.8642053144242128
1184,0.5703413915437109
1185,1.6629375930872419
1186,2.52551354167422
1187,1.0303818974567822
1188,1.5479274666089828
1189,1.6054325298481125
1190,1.3466597452720122
1191,1.9217103776633424
1192,0.7141040496415523
1193,1.777947719565501
1194,1.7491951879459187
1195,1.5766799982285302
1196,2.122978099000278
1197,1.8067002511850483
1198,1.777947719565501
1199,1.5479274666089828
1200,0.25406354372848106
1201,1.2604021504133003
1202,0.4265787334458696
1203,-0.1484718989454607
1204,2.8417913894894498
1205,2.180483162239443
1206,2.20923569385899
1207,1.777947719565501
1208,-0.2347294938041374
1209,1.3466597452720122
1210,2.352998351956831
1211,2.7267812630111905
1212,1.8642053144242128
1213,2.007967972522019
1214,2.2667407570981193
1215,2.3817508835763785
1216,1.6341850614676596
1217,1.5479274666089828
1218,1.4904224033698183
1219,1.6916901247067893
1220,2.7842863262503204
1221,-0.11971936732587839
1222,1.7204426563263715
1223,2.410503415195961
1224,1.6629375930872419
1225,1.2891546820328825
1226,2.1517306306198605
1227,0.3115686069676106
1228,2.122978099000278
1229,1.3179072136524297
1230,0.5990939231632932
1231,1.4041648085111416
1232,1.6629375930872419
1233,0.4553312650654519
1234,1.777947719565501
1235,0.3978262018263224
1236,1.89295784604376
1237,0.800361644500229
1238,1.6054325298481125
1239,0.3978262018263224
1240,1.6916901247067893
1241,1.0878869606959116
1242,3.0143065792068384
1243,0.8291141761198113
1244,3.1293167056851323
1245,1.89295784604376
1246,1.777947719565501
1247,0.7428565812610994
1248,1.9792154409024718
1249,2.985554047587291
1250,2.20923569385899
1251,1.2604021504133003
1252,1.3179072136524297
1253,1.6341850614676596
1254,0.9153717709785232
1255,1.3754122768915593
1256,0.4265787334458696
1257,2.1517306306198605
1258,2.669276199772061
1259,1.5191749349894006
1260,-0.8097801261954677
1261,1.8642053144242128
1262,1.0878869606959116
1263,0.8866192393589408
1264,1.2891546820328825
1265,2.007967972522019
1266,2.007967972522019
1267,0.5128363283045814
1268,0.024043290771962964
1269,0.9728768342176527
1270,2.007967972522019
1271,2.439255946815508
1272,1.6916901247067893
1273,1.6054325298481125
1274,1.3466597452720122
1275,1.9504629092828896
1276,1.6054325298481125
1277,0.9153717709785232
1278,1.6054325298481125
1279,0.9728768342176527
1280,1.1166394923154588
1281,1.4041648085111416
1282,2.669276199772061
1283,2.20923569385899
1284,2.4967610100546724
1285,1.8642053144242128
1286,1.4041648085111416
1287,2.0654730357611486
1288,0.9728768342176527
1289,1.9792154409024718
1290,0.7716091128806818
1291,1.3179072136524297
1292,0.5990939231632932
1293,1.0878869606959116
1294,1.4616698717502712
1295,1.8354527828046305
1296,0.11030088563063968
1297,1.9504629092828896
1298,1.7204426563263715
1299,0.6278464547828404
1300,1.1453920239350412
1301,0.8578667077393585
1302,0.9153717709785232
1303,1.4904224033698183
1304,0.6853515180219699
1305,0.9153717709785232
1306,1.8642053144242128
1307,1.0303818974567822
1308,1.6341850614676596
1309,2.8417913894894498
1310,1.1453920239350412
1311,1.2891546820328825
1312,2.1517306306198605
1313,0.1965584804893515
1314,0.7716091128806818
1315,2.410503415195961
1316,1.0016293658372
1317,2.094225567380731
1318,2.9568015159677086
1319,1.3179072136524297
1320,-0.2347294938041374
1321,2.2379882254785723
1322,1.0591344290763294
1323,1.4904224033698183
1324,2.324245820337249
1325,2.755533794630738
1326,1.1166394923154588
1327,0.8291141761198113
1328,1.5479274666089828
1329,1.3754122768915593
1330,1.4904224033698183
1331,1.4041648085111416
1332,2.640523668152479
1333,1.1166394923154588
1334,1.0016293658372
1335,-0.09096683570629607
1336,0.6278464547828404
1337,1.6054325298481125
1338,1.8067002511850483
1339,1.2891546820328825
1340,1.7204426563263715
1341,2.1517306306198605
1342,2.180483162239443
1343,1.3179072136524297
1344,0.6853515180219699
1345,1.8642053144242128
1346,-0.00470924084761935
1347,1.6054325298481125
1348,0.4840837966849991
1349,1.5479274666089828
1350,2.4680084784350904
1351,2.036720504141601
1352,1.0878869606959116
1353,1.1741445555545884
1354,1.8642053144242128
1355,1.9504629092828896
1356,2.036720504141601
1357,-0.03346177246716655
1358,1.0591344290763294
1359,1.3466597452720122
1360,1.1741445555545884
1361,2.899296452728579
1362,1.0878869606959116
1363,2.52551354167422
1364,-0.29223455704326695
1365,1.0303818974567822
1366,0.7141040496415523
1367,1.3754122768915593
1368,2.2667407570981193
1369,0.9441243025980703
1370,0.7428565812610994
1371,1.1166394923154588
1372,1.9217103776633424
1373,3.1293167056851323
1374,1.9217103776633424
1375,1.4329173401306887
1376,1.2891546820328825
1377,2.6117711365329317
1378,2.324245820337249
1379,1.3179072136524297
1380,0.5415888599241286
1381,1.777947719565501
1382,2.5542660732938023
1383,0.3978262018263224
1384,0.7428565812610994
1385,1.0303818974567822
1386,1.4329173401306887
1387,1.2604021504133003
1388,1.2028970871741707
1389,2.036720504141601
1390,1.9504629092828896
1391,1.5191749349894006
1392,1.9792154409024718
1393,2.4680084784350904
1394,1.6916901247067893
1395,0.8291141761198113
1396,1.2891546820328825
1397,2.6117711365329317
1398,1.5479274666089828
1399,-0.00470924084761935
1400,-0.2347294938041374
1401,2.0654730357611486
1402,0.9153717709785232
1403,0.3690736702067401
1404,1.3754122768915593
1405,2.007967972522019
1406,1.4904224033698183
1407,0.1965584804893515
1408,0.9153717709785232
1409,1.2028970871741707
1410,0.9153717709785232
1411,1.2316496187937531
1412,2.669276199772061
1413,0.9728768342176527
1414,1.89295784604376
1415,2.8417913894894498
1416,0.8866192393589408
1417,0.9153717709785232
1418,0.5415888599241286
1419,1.0591344290763294
1420,1.1453920239350412
1421,1.2604021504133003
1422,1.4904224033698183
1423,2.5542660732938023
1424,1.4904224033698183
1425,1.8354527828046305
1426,0.5703413915437109
1427,1.3754122768915593
1428,1.1453920239350412
1429,0.11030088563063968
1430,0.5990939231632932
1431,0.6853515180219699
1432,-0.6372649364780791
1433,1.0591344290763294
1434,0.3403211385871929
1435,2.0654730357611486
1436,0.8578667077393585
1437,0.4840837966849991
1438,1.8642053144242128
1439,0.7716091128806818
1440,1.777947719565501
1441,2.669276199772061
1442,0.25406354372848106
1443,0.6853515180219699
1444,0.8578667077393585
1445,1.8642053144242128
1446,1.5479274666089828
1447,0.6278464547828404
1448,2.036720504141601
1449,2.669276199772061
1450,1.0016293658372
1451,0.7716091128806818
1452,0.25406354372848106
1453,1.2316496187937531
1454,2.036720504141601
1455,1.2604021504133003
1456,2.9280489843481616
1457,-0.29223455704326695
1458,1.3754122768915593
1459,1.6054325298481125
1460,0.7428565812610994
1461,1.3754122768915593
1462,1.4616698717502712
1463,0.3978262018263224
1464,1.8067002511850483
1465,2.1517306306198605
1466,1.3179072136524297
1467,0.4840837966849991
1468,0.4553312650654519
1469,0.3115686069676106
1470,1.4041648085111416
1471,1.9217103776633424
1472,1.9504629092828896
1473,2.2954932887177018
1474,0.3115686069676106
1475,1.1166394923154588
1476,0.5990939231632932
1477,1.2891546820328825
1478,2.324245820337249
1479,1.89295784604376
1480,1.0303818974567822
1481,2.0654730357611486
1482,2.6980287313916085
1483,0.3115686069676106
1484,2.122978099000278
1485,1.4041648085111416
1486,1.3754122768915593
1487,0.6278464547828404
1488,1.9217103776633424
1489,0.7716091128806818
1490,0.4265787334458696
1491,1.0878869606959116
1492,3.071811642445968
1493,1.6629375930872419
1494,1.3179072136524297
1495,1.0591344290763294
1496,0.8866192393589408
1497,1.5191749349894006
1498,2.2667407570981193
1499,0.800361644500229
1500,1.3466597452720122
1501,2.5542660732938023
1502,1.0591344290763294
1503,1.5191749349894006
1504,0.08154835401109248
1505,2.2379882254785723
1506,1.1166394923154588
1507,1.5191749349894006
1508,1.6054325298481125
1509,1.5766799982285302
1510,1.8354527828046305
1511,1.8642053144242128
1512,1.6916901247067893
1513,2.9280489843481616
1514,1.2028970871741707
1515,2.4967610100546724
1516,0.5990939231632932
1517,-0.32098708866284925
1518,-0.5222548099998201
1519,0.4553312650654519
1520,0.7716091128806818
1521,0.139053417250222
1522,2.036720504141601
1523,1.0878869606959116
1524,0.4553312650654519
1525,0.7141040496415523
1526,1.2891546820328825
1527,0.6278464547828404
1528,1.4904224033698183
1529,-0.11971936732587839
1530,1.7204426563263715
1531,0.3403211385871929
1532,2.439255946815508
1533,2.0654730357611486
1534,1.0878869606959116
1535,1.0016293658372
1536,0.024043290771962964
1537,-0.1484718989454607
1538,1.0591344290763294
1539,1.9504629092828896
1540,0.8578667077393585
1541,2.410503415195961
1542,1.1166394923154588
1543,0.25406354372848106
1544,2.0654730357611486
1545,1.9217103776633424
1546,1.2028970871741707
1547,1.89295784604376
1548,0.7428565812610994
1549,0.8291141761198113
1550,0.6565989864024228
1551,0.5990939231632932
1552,2.6980287313916085
1553,-0.03346177246716655
1554,0.7428565812610994
1555,1.1166394923154588
1556,2.1517306306198605
1557,2.439255946815508
1558,2.410503415195961
1559,0.6565989864024228
1560,0.7716091128806818
1561,0.139053417250222
1562,1.0591344290763294
1563,2.324245820337249
1564,1.2604021504133003
1565,0.9728768342176527
1566,1.2028970871741707
1567,1.2028970871741707
1568,1.7491951879459187
1569,0.8866192393589408
1570,1.1453920239350412
1571,1.5479274666089828
1572,2.439255946815508
1573,2.5542660732938023
1574,2.007967972522019
1575,1.2604021504133003
1576,2.2379882254785723
1577,0.1678059488697692
1578,1.4616698717502712
1579,1.9217103776633424
1580,1.6629375930872419
1581,0.7716091128806818
1582,1.4041648085111416
1583,0.4553312650654519
1584,2.1517306306198605
1585,1.5479274666089828
1586,0.7428565812610994
1587,0.28281607534806336
1588,1.4329173401306887
1589,1.1741445555545884
1590,1.4616698717502712
1591,1.9217103776633424
1592,1.4329173401306887
1593,2.180483162239443
1594,1.2028970871741707
1595,2.899296452728579
1596,1.7491951879459187
1597,0.9153717709785232
1598,0.11030088563063968
1599,0.3978262018263224
1600,1.1453920239350412
1601,1.0016293658372
1602,0.5703413915437109
1603,1.7204426563263715
1604,1.6054325298481125
1605,0.8866192393589408
1606,1.5766799982285302
1607,1.0591344290763294
1608,0.8578667077393585
1609,1.6341850614676596
1610,1.0878869606959116
1611,1.8354527828046305
1612,2.4967610100546724
1613,2.007967972522019
1614,1.3179072136524297
1615,0.4265787334458696
1616,1.7491951879459187
1617,1.6629375930872419
1618,3.1868217689242617
1619,2.352998351956831
1620,2.352998351956831
1621,1.5191749349894006
1622,1.8354527828046305
1623,1.1166394923154588
1624,1.2316496187937531
1625,1.2891546820328825
1626,2.5830186049133492
1627,1.1741445555545884
1628,0.7428565812610994
1629,1.777947719565501
1630,2.9568015159677086
1631,1.3754122768915593
1632,0.6565989864024228
1633,2.036720504141601
1634,-0.09096683570629607
1635,1.0303818974567822
1636,2.755533794630738
1637,2.1517306306198605
1638,1.6054325298481125
1639,2.180483162239443
1640,0.6565989864024228
1641,1.8354527828046305
1642,1.7491951879459187
1643,1.5479274666089828
1644,1.0878869606959116
1645,1.7204426563263715
1646,0.800361644500229
1647,1.7204426563263715
1648,1.5479274666089828
1649,0.5990939231632932
1650,2.410503415195961
1651,1.8642053144242128
1652,2.2379882254785723
1653,0.052795822391510164
1654,1.6054325298481125
1655,1.2316496187937531
1656,1.1741445555545884
1657,0.3115686069676106
1658,-0.2347294938041374
1659,1.4329173401306887
1660,0.3403211385871929
1661,2.324245820337249
1662,0.800361644500229
1663,2.2954932887177018
1664,1.89295784604376
1665,1.3466597452720122
1666,0.1678059488697692
1667,2.20923569385899
1668,2.410503415195961
1669,2.1517306306198605
1670,0.5703413915437109
1671,0.6278464547828404
1672,1.2891546820328825
1673,1.8642053144242128
1674,1.5479274666089828
1675,0.6565989864024228
1676,1.6341850614676596
1677,1.2316496187937531
1678,1.7204426563263715
1679,0.5990939231632932
1680,0.052795822391510164
1681,1.0303818974567822
1682,2.122978099000278
1683,1.4329173401306887
1684,0.6853515180219699
1685,1.8354527828046305
1686,1.8354527828046305
1687,1.4904224033698183
1688,1.3466597452720122
1689,1.3466597452720122
1690,2.439255946815508
1691,1.8354527828046305
1692,1.4904224033698183
1693,1.4616698717502712
1694,1.3466597452720122
1695,1.2604021504133003
1696,0.8866192393589408
1697,1.5766799982285302
1698,0.024043290771962964
1699,1.4904224033698183
1700,0.3690736702067401
1701,1.9504629092828896
1702,0.7428565812610994
1703,2.6117711365329317
1704,2.7842863262503204
1705,1.4616698717502712
1706,1.0303818974567822
1707,0.9153717709785232
1708,0.5990939231632932
1709,1.6054325298481125
1710,1.5766799982285302
1711,0.6853515180219699
1712,0.7141040496415523
1713,0.28281607534806336
1714,1.9217103776633424
1715,2.3817508835763785
1716,0.6853515180219699
1717,2.640523668152479
1718,2.1517306306198605
1719,1.1741445555545884
1720,0.3403211385871929
1721,0.800361644500229
1722,1.3754122768915593
1723,2.2379882254785723
1724,1.4329173401306887
1725,0.7716091128806818
1726,0.8578667077393585
1727,2.094225567380731
1728,0.9153717709785232
1729,1.89295784604376
1730,1.9217103776633424
1731,1.6916901247067893
1732,0.7141040496415523
1733,1.0016293658372
1734,0.08154835401109248
1735,2.007967972522019
1736,3.301831895402521
1737,1.1166394923154588
1738,3.0430591108264204
1739,0.5128363283045814
1740,0.5415888599241286
1741,1.7491951879459187
1742,1.4329173401306887
1743,1.6054325298481125
1744,1.4329173401306887
1745,1.0016293658372
1746,0.8578667077393585
1747,1.3466597452720122
1748,2.2954932887177018
1749,-1.0110478475324385
1750,1.2028970871741707
1751,2.352998351956831
1752,0.7428565812610994
1753,1.4616698717502712
1754,2.669276199772061
1755,1.4041648085111416
1756,0.024043290771962964
1757,1.89295784604376
1758,1.777947719565501
1759,1.6629375930872419
1760,0.9441243025980703
1761,1.3179072136524297
1762,1.0303818974567822
1763,1.6054325298481125
1764,2.036720504141601
1765,0.8291141761198113
1766,2.122978099000278
1767,1.1741445555545884
1768,1.5191749349894006
1769,1.3179072136524297
1770,1.5191749349894006
1771,0.4265787334458696
1772,0.9728768342176527
1773,0.9153717709785232
1774,0.28281607534806336
1775,2.2954932887177018
1776,0.9728768342176527
1777,1.7204426563263715
1778,1.777947719565501
1779,2.007967972522019
1780,1.8354527828046305
1781,-0.2347294938041374
1782,0.1678059488697692
1783,1.2028970871741707
1784,1.4329173401306887
1785,1.5479274666089828
1786,1.777947719565501
1787,0.1678059488697692
1788,0.800361644500229
1789,1.5479274666089828
1790,1.7491951879459187
1791,0.8291141761198113
1792,1.5191749349894006
1793,1.3179072136524297
1794,1.1166394923154588
1795,1.777947719565501
1796,1.4616698717502712
1797,1.8067002511850483
1798,0.6565989864024228
1799,1.3754122768915593
1800,1.0878869606959116
1801,-0.00470924084761935
1802,1.0303818974567822
1803,0.3690736702067401
1804,1.2028970871741707
1805,1.89295784604376
1806,1.6341850614676596
1807,1.8642053144242128
1808,0.25406354372848106
1809,-0.8960377210541796
1810,0.5703413915437109
1811,2.7267812630111905
1812,2.180483162239443
1813,1.0878869606959116
1814,0.7141040496415523
1815,0.1678059488697692
1816,2.094225567380731
1817,1.1741445555545884
1818,1.5479274666089828
1819,2.0654730357611486
1820,1.6629375930872419
1821,0.6278464547828404
1822,-0.34973962028239647
1823,2.8705439211090322
1824,0.8578667077393585
1825,0.4840837966849991
1826,2.2667407570981193
1827,1.0303818974567822
1828,0.9441243025980703
1829,-0.00470924084761935
1830,0.8578667077393585
1831,2.3817508835763785
1832,0.7716091128806818
1833,2.324245820337249
1834,1.6054325298481125
1835,1.9217103776633424
1836,0.5703413915437109
1837,0.8578667077393585
1838,0.800361644500229
1839,2.180483162239443
1840,1.6629375930872419
1841,0.8866192393589408
1842,0.5415888599241286
1843,1.2316496187937531
1844,1.0878869606959116
1845,-0.7522750629563382
1846,1.4616698717502712
1847,0.9153717709785232
1848,1.2028970871741707
1849,1.1741445555545884
1850,1.1166394923154588
1851,1.6054325298481125
1852,1.4329173401306887
1853,1.9217103776633424
1854,2.5542660732938023
1855,2.4680084784350904
1856,0.9153717709785232
1857,1.5766799982285302
1858,2.3817508835763785
1859,1.5766799982285302
1860,2.036720504141601
1861,1.0591344290763294
1862,1.0303818974567822
1863,0.5415888599241286
1864,1.1166394923154588
1865,1.4041648085111416
1866,0.1965584804893515
1867,0.6565989864024228
1868,2.3817508835763785
1869,1.2028970871741707
1870,2.7842863262503204
1871,1.1453920239350412
1872,1.8354527828046305
1873,2.640523668152479
1874,0.024043290771962964
1875,2.094225567380731
1876,0.9728768342176527
1877,1.3179072136524297
1878,0.4553312650654519
1879,1.2316496187937531
1880,2.1517306306198605
1881,1.7491951879459187
1882,2.352998351956831
1883,0.8578667077393585
1884,0.5703413915437109
1885,1.2028970871741707
1886,1.2891546820328825
1887,2.4967610100546724
1888,2.4680084784350904
1889,0.9441243025980703
1890,2.007967972522019
1891,1.89295784604376
1892,0.8291141761198113
1893,1.4329173401306887
1894,1.2604021504133003
1895,2.2379882254785723
1896,1.5479274666089828
1897,1.3466597452720122
1898,2.0654730357611486
1899,2.1517306306198605
1900,0.4553312650654519
1901,0.8291141761198113
1902,-0.00470924084761935
1903,1.2316496187937531
1904,3.2443268321633916
1905,2.8130388578699024
1906,0.8578667077393585
1907,0.052795822391510164
1908,2.6980287313916085
1909,0.9153717709785232
1910,0.3978262018263224
1911,0.8578667077393585
1912,0.9728768342176527
1913,2.324245820337249
1914,0.9441243025980703
1915,1.4904224033698183
1916,1.2891546820328825
1917,1.89295784604376
1918,0.9728768342176527
1919,0.139053417250222
1920,1.9504629092828896
1921,2.410503415195961
1922,0.6853515180219699
1923,1.2316496187937531
1924,2.036720504141601
1925,1.0591344290763294
1926,1.4904224033698183
1927,2.8417913894894498
1928,1.1453920239350412
1929,2.2954932887177018
1930,0.7428565812610994
1931,0.8578667077393585
1932,1.5479274666089828
1933,2.036720504141601
1934,1.1741445555545884
1935,1.0591344290763294
1936,1.0878869606959116
1937,0.7428565812610994
1938,2.122978099000278
1939,1.5191749349894006
1940,1.2604021504133003
1941,1.8642053144242128
1942,2.036720504141601
1943,0.139053417250222
1944,1.0591344290763294
1945,0.4840837966849991
1946,2.5542660732938023
1947,1.5191749349894006
1948,2.6980287313916085
1949,1.9217103776633424
1950,2.007967972522019
1951,0.5128363283045814
1952,0.22531101210889873
1953,2.094225567380731
1954,1.0878869606959116
1955,1.4616698717502712
1956,1.6629375930872419
1957,1.1166394923154588
1958,0.8291141761198113
1959,1.4904224033698183
1960,1.777947719565501
1961,0.4553312650654519
1962,1.89295784604376
1963,2.3817508835763785
1964,0.9153717709785232
1965,3.215574300543809
1966,0.7716091128806818
1967,1.0303818974567822
1968,2.007967972522019
1969,2.20923569385899
1970,1.6054325298481125
1971,0.8866192393589408
1972,1.6054325298481125
1973,1.777947719565501
1974,2.007967972522019
1975,1.3179072136524297
1976,2.640523668152479
1977,2.094225567380731
1978,1.6054325298481125
1979,2.985554047587291
1980,1.4616698717502712
1981,2.2667407570981193
1982,1.1741445555545884
1983,0.7428565812610994
1984,2.352998351956831
1985,2.6117711365329317
1986,1.6054325298481125
1987,1.4041648085111416
1988,2.007967972522019
1989,1.0016293658372
1990,1.9217103776633424
1991,1.8067002511850483
1992,2.20923569385899
1993,1.5766799982285302
1994,1.9217103776633424
1995,0.5703413915437109
1996,1.3754122768915593
1997,1.4329173401306887
1998,1.5766799982285302
1999,1.2891546820328825
