,0
0,0.18
1,0.06
2,0.86
3,0.78
4,0.14
5,0.22
6,0.66
7,0.69
8,0.37
9,0.41
10,0.31
11,0.08
12,0.04
13,0.05
14,0.14
15,0.5
16,0.18
17,0.36
18,0.57
19,0.12
20,0.5
21,0.2
22,0.09
23,0.02
24,0.48
25,0.42
26,0.53
27,0.0
28,0.57
29,0.4
30,0.15
31,0.1
32,0.35
33,0.88
34,0.02
35,0.32
36,0.09
37,0.76
38,0.38
39,0.0
40,0.74
41,0.25
42,0.44
43,0.09
44,0.27
45,0.5
46,0.66
47,0.5
48,0.26
49,0.07
50,0.27
51,0.71
52,0.19
53,0.57
54,0.18
55,0.36
56,0.25
57,0.75
58,0.12
59,0.16
60,0.01
61,0.9
62,0.53
63,0.48
64,0.6
65,0.22
66,0.37
67,0.09
68,0.26
69,0.47
70,0.57
71,0.5
72,0.5
73,0.24
74,0.39
75,0.07
76,0.11
77,0.34
78,0.4
79,0.21
80,0.65
81,0.64
82,0.35
83,0.5
84,0.12
85,1.0
86,0.13
87,0.09
88,0.9
89,0.6
90,0.31
91,0.4
92,0.6
93,0.09
94,0.3
95,0.74
96,0.18
97,0.44
98,0.07
99,0.01
100,0.61
101,0.16
102,0.78
103,0.32
104,0.1
105,0.68
106,0.59
107,0.34
108,0.26
109,0.64
110,0.19
111,0.28
112,0.77
113,0.55
114,0.71
115,0.17
116,0.3
117,0.47
118,0.49
119,0.69
120,0.37
121,0.12
122,0.41
123,0.23
124,0.31
125,0.28
126,0.0
127,0.88
128,0.67
129,0.83
130,0.47
131,0.2
132,0.77
133,0.59
134,0.36
135,0.61
136,0.28
137,0.04
138,0.71
139,0.18
140,0.35
141,0.19
142,0.51
143,0.4
144,0.68
145,0.07
146,0.21
147,0.2
148,0.46
149,0.12
150,0.19
151,0.26
152,0.16
153,0.77
154,0.23
155,0.4
156,0.26
157,0.41
158,0.1
159,0.53
160,0.42
161,0.02
162,0.1
163,0.8
164,0.12
165,0.17
166,0.7
167,0.59
168,0.44
169,0.43
170,0.63
171,0.33
172,0.16
173,0.94
174,0.31
175,0.36
176,0.85
177,0.05
178,0.05
179,0.24
180,0.18
181,0.11
182,0.3
183,0.12
184,0.51
185,0.63
186,0.17
187,0.03
188,0.37
189,0.22
190,0.24
191,0.39
192,0.26
193,0.33
194,0.4
195,0.39
196,0.12
197,0.81
198,0.84
199,0.2
200,0.81
201,0.57
202,0.25
203,0.13
204,0.19
205,0.37
206,0.23
207,0.2
208,0.08
209,0.21
210,0.72
211,0.03
212,0.18
213,0.21
214,0.0
215,0.14
216,0.3
217,0.44
218,0.89
219,0.18
220,0.24
221,0.1
222,0.38
223,0.23
224,0.03
225,0.04
226,0.51
227,0.78
228,0.17
229,0.61
230,0.2
231,0.69
232,0.9
233,0.06
234,0.36
235,0.03
236,0.93
237,0.27
238,0.83
239,0.21
240,0.1
241,0.42
242,0.89
243,0.78
244,0.15
245,0.77
246,0.98
247,0.15
248,0.57
249,0.25
250,0.76
251,0.33
252,0.93
253,0.1
254,0.57
255,0.64
256,0.16
257,0.8
258,0.43
259,0.84
260,0.25
261,0.15
262,0.13
263,0.32
264,0.21
265,0.4
266,0.17
267,0.37
268,0.34
269,0.02
270,0.42
271,0.26
272,0.06
273,0.68
274,0.0
275,0.41
276,0.23
277,0.28
278,0.37
279,0.14
280,0.63
281,0.3
282,0.01
283,0.21
284,0.16
285,0.16
286,0.55
287,0.33
288,0.62
289,0.54
290,0.06
291,0.62
292,0.56
293,0.07
294,0.56
295,0.6
296,0.41
297,0.04
298,0.21
299,0.63
