,0
0,0.78
1,0.37
2,0.02
3,0.72
4,0.68
5,0.72
6,0.69
7,0.16
8,0.9
9,0.74
10,0.42
11,0.77
12,0.6
13,0.11
14,0.65
15,0.62
16,0.56
17,0.88
18,0.8
19,0.3
20,0.08
21,0.12
22,0.56
23,0.19
24,0.11
25,0.71
26,0.27
27,0.1
28,0.63
29,0.96
30,0.58
31,0.1
32,0.38
33,0.15
34,0.52
35,0.55
36,0.42
37,0.39
38,0.09
39,0.91
40,0.28
41,0.47
42,0.84
43,0.43
44,0.56
45,0.68
46,0.09
47,0.43
48,0.97
49,0.69
50,0.08
51,0.58
52,0.87
53,0.26
54,0.28
55,0.66
56,0.7
57,0.3
58,0.88
59,0.05
60,0.13
61,0.7
62,0.25
63,0.12
64,0.66
65,0.12
66,0.25
67,0.51
68,0.37
69,0.31
70,0.78
71,0.07
72,0.63
73,0.01
74,0.55
75,0.68
76,0.77
77,0.93
78,0.42
79,0.66
80,0.59
81,0.27
82,0.12
83,0.11
84,0.86
85,0.39
86,0.14
87,0.17
88,0.19
89,0.49
90,0.19
91,0.46
92,0.19
93,0.23
94,0.16
95,0.01
96,0.63
97,0.36
98,0.12
99,0.8
