,0
0,0.88
1,0.78
2,0.82
3,0.66
4,0.64
5,0.92
6,0.96
7,0.82
8,1.0
9,0.9
10,0.62
11,0.82
12,0.74
13,0.88
14,0.7
15,0.96
16,1.0
17,0.52
18,1.0
19,0.98
20,0.9
21,0.8
22,1.0
23,1.0
24,1.0
25,0.98
26,0.94
27,0.98
28,0.86
29,0.98
30,0.96
31,0.92
32,0.88
33,0.92
34,1.0
35,0.94
36,0.74
37,0.98
38,1.0
39,0.84
40,0.96
41,0.76
42,1.0
43,0.72
44,0.94
45,0.98
46,0.88
47,0.74
48,1.0
49,0.62
50,0.98
51,0.88
52,0.82
53,0.76
54,0.58
55,0.92
56,0.82
57,0.96
58,0.58
59,0.94
60,0.74
61,0.92
62,0.72
63,1.0
64,0.92
65,0.36
66,0.64
67,0.92
68,0.8
69,0.9
70,0.94
71,0.96
72,0.56
73,0.82
74,0.92
75,0.92
76,0.78
77,0.96
78,0.98
79,0.9
80,0.8
81,0.98
82,0.96
83,0.88
84,1.0
85,0.72
86,0.5
87,0.96
88,0.78
89,0.96
90,0.76
91,0.84
92,0.98
93,0.84
94,0.78
95,0.8
96,0.66
97,0.9
98,0.92
99,0.94
