,0
0,0.06
1,0.06
2,0.24
3,0.08
4,0.1
5,0.0
6,0.16
7,0.04
8,0.06
9,0.1
10,0.06
11,0.06
12,0.04
13,0.06
14,0.12
15,0.02
16,0.06
17,0.04
18,0.04
19,0.04
20,0.04
21,0.08
22,0.06
23,0.22
24,0.08
25,0.14
26,0.18
27,0.06
28,0.0
29,0.14
30,0.18
31,0.14
32,0.04
33,0.04
34,0.06
35,0.18
36,0.04
37,0.14
38,0.12
39,0.26
40,0.08
41,0.02
42,0.0
43,0.08
44,0.06
45,0.12
46,0.06
47,0.1
48,0.0
49,0.02
50,0.14
51,0.08
52,0.02
53,0.26
54,0.16
55,0.1
56,0.3
57,0.02
58,0.1
59,0.06
60,0.08
61,0.12
62,0.04
63,0.16
64,0.18
65,0.14
66,0.02
67,0.04
68,0.06
69,0.1
70,0.02
71,0.1
72,0.16
73,0.12
74,0.04
75,0.0
76,0.08
77,0.1
78,0.02
79,0.08
80,0.22
81,0.14
82,0.14
83,0.06
84,0.02
85,0.12
86,0.08
87,0.02
88,0.12
89,0.2
90,0.08
91,0.18
92,0.04
93,0.06
94,0.14
95,0.02
96,0.0
97,0.14
98,0.06
99,0.04
